5029,'1373808',1730,,183,9,0,8 9 10 11,0
5029,'1373811',730,,184,9,0,8 9 10 11,0
5029,'1373814',530,,185,9,0,8 9 10 11,0
5029,'1373836',1130,,186,9,0,8 9 10 11,0
5029,'1373848',1530,,187,9,0,8 9 10 11,0
5029,'1373861',1430,,188,9,0,8 9 10 11,0
5029,'1373869',1330,,189,9,0,8 9 10 11,0
5029,'1373870',1630,,190,9,0,8 9 10 11,0
5029,'1373872',930,,191,9,0,5 6 7,0
5029,'1373879',830,,192,9,0,8 9 10 11,0
5029,'1373947',1230,,193,9,0,8 9 10 11,0
5029,'1373953',1030,,194,9,0,8 9 10 11,0
5029,'1379492',630,,195,9,0,8 9 10 11,0
