5019,'1480307',933,,170,4,0,5 6 7,0
5019,'1480308',1133,,171,4,0,5 6 7,0
5019,'1480309',1333,,172,4,0,5 6 7,0
5019,'1480310',1533,,173,4,0,5 6 7,0
5019,'1480311',1733,,174,4,0,5 6 7,0
5019,'1480312',833,,175,4,0,5 6 7,0
5019,'1480313',1033,,176,4,0,5 6 7,0
5019,'1480314',1233,,177,4,0,5 6 7,0
5019,'1480315',1433,,178,4,0,5 6 7,0
5019,'1480317',533,,179,4,0,5 6 7,0
5019,'1480318',633,,180,4,0,5 6 7,0
5019,'1486238',733,,181,4,0,5 6 7,0
5019,'1486239',1633,,182,4,0,5 6 7,0
5029,'1373808',1801,,183,13,0,8 9 10 11,0
5029,'1373811',801,,184,13,0,8 9 10 11,0
5029,'1373814',601,,185,13,0,8 9 10 11,0
5029,'1373836',1201,,186,13,0,8 9 10 11,0
5029,'1373848',1601,,187,13,0,8 9 10 11,0
5029,'1373861',1501,,188,13,0,8 9 10 11,0
5029,'1373869',1401,,189,13,0,8 9 10 11,0
5029,'1373870',1701,,190,13,0,8 9 10 11,0
5029,'1373872',1001,,191,13,0,8 9 10 11,0
5029,'1373879',901,,192,13,0,8 9 10 11,0
5029,'1373947',1301,,193,13,0,8 9 10 11,0
5029,'1373953',1101,,194,13,0,8 9 10 11,0
5029,'1379492',701,,195,13,0,8 9 10 11,0
