6019,'1314205',740,,196,8,0,20 21 22,0
6019,'1314209',1040,,197,8,0,20 21 22,0
6019,'1314232',1540,,198,8,0,20 21 22,0
6019,'1314288',1140,,199,8,0,20 21 22,0
6019,'1314314',840,,200,8,0,20 21 22,0
6019,'1314329',640,,201,8,0,20 21 22,0
6019,'1314480',1240,,202,8,0,20 21 22,0
6019,'1314483',940,,203,8,0,20 21 22,0
6019,'1314624',1740,,204,8,0,20 21 22,0
6019,'1314658',1840,,205,8,0,20 21 22,0
6019,'1314711',1340,,206,8,0,20 21 22,0
6019,'1314714',1640,,207,8,0,20 21 22,0
6019,'1340615',1440,,208,8,0,20 21 22,0
