4029,'1314218',1209,,125,9,0,12 13 14 15,0
4029,'1314257',809,,126,9,0,12 13 14 15,0
4029,'1314280',709,,127,9,0,12 13 14 15,0
4029,'1314305',1609,,128,9,0,12 13 14 15,0
4029,'1314317',609,,129,9,0,12 13 14 15,0
4029,'1314347',909,,130,9,0,12 13 14 15,0
4029,'1314352',1009,,131,9,0,12 13 14 15,0
4029,'1314356',1713,,132,9,0,12 13 16 24,0
4029,'1314371',1709,,133,9,0,12 13 14 15,0
4029,'1314375',1509,,134,9,0,12 13 14 15,0
4029,'1314397',809,,135,9,0,12 13 14 15,0
4029,'1314401',1909,,136,9,0,12 13 14 15,0
4029,'1314406',1909,,137,9,0,12 13 14 15,0
4029,'1314426',1609,,138,9,0,12 13 14 15,0
4029,'1314449',2009,,139,9,0,12 13 14 15,0
4029,'1314455',1609,,140,9,0,12 13 14 15,0
4029,'1314456',1509,,141,9,0,12 13 14 15,0
4029,'1314457',709,,142,9,0,12 13 14 15,0
4029,'1314467',1409,,143,9,0,12 13 14 15,0
4029,'1314487',909,,144,9,0,12 13 14 15,0
4029,'1314490',1209,,145,9,0,12 13 14 15,0
4029,'1314494',2009,,146,9,0,12 13 14 15,0
4029,'1314503',1809,,147,9,0,12 13 14 15,0
4029,'1314506',2009,,148,9,0,12 13 14 15,0
4029,'1314521',909,,149,9,0,12 13 14 15,0
4029,'1314527',709,,150,9,0,12 13 14 15,0
4029,'1314528',1409,,151,9,0,12 13 14 15,0
4029,'1314529',609,,152,9,0,12 13 14 15,0
4029,'1314548',1309,,153,9,0,12 13 14 15,0
4029,'1314576',1709,,154,9,0,12 13 14 15,0
4029,'1314579',1813,,155,9,0,12 13 16 24,0
4029,'1314584',1209,,156,9,0,12 13 14 15,0
4029,'1314598',1009,,157,9,0,12 13 14 15,0
4029,'1314599',1109,,158,9,0,12 13 14 15,0
4029,'1314610',1909,,159,9,0,12 13 14 15,0
4029,'1314625',1409,,160,9,0,12 13 14 15,0
4029,'1314632',1809,,161,9,0,12 13 14 15,0
4029,'1314644',1309,,162,9,0,12 13 14 15,0
4029,'1314647',1109,,163,9,0,12 13 14 15,0
4029,'1314650',809,,164,9,0,12 13 14 15,0
4029,'1314675',1009,,165,9,0,12 13 14 15,0
4029,'1314695',1509,,166,9,0,12 13 14 15,0
4029,'1314708',1109,,167,9,0,12 13 14 15,0
4029,'1314716',1309,,168,9,0,12 13 14 15,0
