2029,'1314233',1321,,41,5,0,12 13 14 15,0
2029,'1314234',1021,,42,5,0,12 13 14 15,0
2029,'1314272',1221,,43,5,0,12 13 14 15,0
2029,'1314302',1421,,44,5,0,12 13 14 15,0
2029,'1314339',1621,,45,5,0,12 13 14 15,0
2029,'1314350',1521,,46,5,0,12 13 14 15,0
2029,'1314439',821,,47,5,0,12 13 14 15,0
2029,'1314471',621,,48,5,0,12 13 14 15,0
2029,'1314507',1721,,49,5,0,12 13 14 15,0
2029,'1314531',1121,,50,5,0,12 13 14 15,0
2029,'1314538',721,,51,5,0,12 13 14 15,0
2029,'1314549',921,,52,5,0,12 13 14 15,0
2029,'1314618',1921,,53,5,0,12 13 14 15,0
2029,'1314637',1821,,54,5,0,12 13 14 15,0
