6019,'1314205',700,,196,1,0,20 21 22,0
6019,'1314209',1000,,197,1,0,20 21 22,0
6019,'1314232',1500,,198,1,0,20 21 22,0
6019,'1314288',1100,,199,1,0,20 21 22,0
6019,'1314314',800,,200,1,0,20 21 22,0
6019,'1314329',600,,201,1,0,20 21 22,0
6019,'1314480',1200,,202,1,0,20 21 22,0
6019,'1314483',900,,203,1,0,20 21 22,0
6019,'1314624',1700,,204,1,0,20 21 22,0
6019,'1314658',1800,,205,1,0,20 21 22,0
6019,'1314711',1300,,206,1,0,20 21 22,0
6019,'1314714',1600,,207,1,0,20 21 22,0
6019,'1340615',1400,,208,1,0,20 21 22,0
6029,'1314197',1755,,209,11,4,,0
6029,'1314299',1155,,210,11,4,,0
6029,'1314300',655,,211,11,4,,0
6029,'1314368',1655,,212,11,4,,0
6029,'1314404',1455,,213,11,4,,0
6029,'1314417',1055,,214,11,4,,0
6029,'1314422',1255,,215,11,4,,0
6029,'1314589',1355,,216,11,4,,0
6029,'1314657',1555,,217,11,4,,0
6029,'1319163',755,,218,11,4,,0
6029,'1319404',955,,219,11,4,,0
6029,'1319670',855,,220,11,4,,0
6029,'1319758',1855,,221,11,4,,0
