1,1019,'1314193',1
1,1019,'1314196',2
1,1019,'1314228',3
1,1019,'1314323',4
1,1019,'1314341',5
1,1019,'1314343',6
1,1019,'1314358',7
1,1019,'1314400',8
1,1019,'1314535',9
1,1019,'1314575',10
1,1019,'1314656',11
1,1019,'1492501',12
1,1019,'1492502',13
1,1029,'1314220',14
1,1029,'1314225',15
1,1029,'1314259',16
1,1029,'1314304',17
1,1029,'1314306',18
1,1029,'1314315',19
1,1029,'1314344',20
1,1029,'1314362',21
1,1029,'1314373',22
1,1029,'1314398',23
1,1029,'1314557',24
1,1029,'1314578',25
1,1029,'1314692',26
2,2019,'1314282',27
2,2019,'1314324',28
2,2019,'1314333',29
2,2019,'1314351',30
2,2019,'1314367',31
2,2019,'1314431',32
2,2019,'1314526',33
2,2019,'1314534',34
2,2019,'1314609',35
2,2019,'1314649',36
2,2019,'1314664',37
2,2019,'1314668',38
2,2019,'1314673',39
2,2019,'1314684',40
2,2029,'1314233',41
2,2029,'1314234',42
2,2029,'1314272',43
2,2029,'1314302',44
2,2029,'1314339',45
2,2029,'1314350',46
2,2029,'1314439',47
2,2029,'1314471',48
2,2029,'1314507',49
2,2029,'1314531',50
2,2029,'1314538',51
2,2029,'1314549',52
2,2029,'1314618',53
2,2029,'1314637',54
3,3019,'1489629',55
3,3019,'1489630',56
3,3019,'1489631',57
3,3019,'1489632',58
3,3019,'1489633',59
3,3019,'1489634',60
3,3019,'1489635',61
3,3019,'1489636',62
3,3019,'1489637',63
3,3019,'1489638',64
3,3019,'1489639',65
3,3019,'1489640',66
3,3019,'1489641',67
3,3029,'1489642',68
3,3029,'1489643',69
3,3029,'1489644',70
3,3029,'1489645',71
3,3029,'1489646',72
3,3029,'1489647',73
3,3029,'1489648',74
3,3029,'1489649',75
3,3029,'1489650',76
3,3029,'1489651',77
3,3029,'1489652',78
3,3029,'1489653',79
3,3029,'1489654',80
4,4019,'1314201',81
4,4019,'1314204',82
4,4019,'1314230',83
4,4019,'1314236',84
4,4019,'1314237',85
4,4019,'1314242',86
4,4019,'1314249',87
4,4019,'1314250',88
4,4019,'1314255',89
4,4019,'1314268',90
4,4019,'1314269',91
4,4019,'1314279',92
4,4019,'1314283',93
4,4019,'1314316',94
4,4019,'1314322',95
4,4019,'1314326',96
4,4019,'1314338',97
4,4019,'1314340',98
4,4019,'1314345',99
4,4019,'1314353',100
4,4019,'1314372',101
4,4019,'1314433',102
4,4019,'1314441',103
4,4019,'1314443',104
4,4019,'1314448',105
4,4019,'1314485',106
4,4019,'1314488',107
4,4019,'1314493',108
4,4019,'1314500',109
4,4019,'1314509',110
4,4019,'1314512',111
4,4019,'1314542',112
4,4019,'1314587',113
4,4019,'1314590',114
4,4019,'1314597',115
4,4019,'1314606',116
4,4019,'1314615',117
4,4019,'1314633',118
4,4019,'1314662',119
4,4019,'1314667',120
4,4019,'1314670',121
4,4019,'1314689',122
4,4019,'1314699',123
4,4019,'1314709',124
4,4029,'1314218',125
4,4029,'1314257',126
4,4029,'1314280',127
4,4029,'1314305',128
4,4029,'1314317',129
4,4029,'1314347',130
4,4029,'1314352',131
4,4029,'1314356',132
4,4029,'1314371',133
4,4029,'1314375',134
4,4029,'1314397',135
4,4029,'1314401',136
4,4029,'1314406',137
4,4029,'1314426',138
4,4029,'1314449',139
4,4029,'1314455',140
4,4029,'1314456',141
4,4029,'1314457',142
4,4029,'1314467',143
4,4029,'1314487',144
4,4029,'1314490',145
4,4029,'1314494',146
4,4029,'1314503',147
4,4029,'1314506',148
4,4029,'1314521',149
4,4029,'1314527',150
4,4029,'1314528',151
4,4029,'1314529',152
4,4029,'1314548',153
4,4029,'1314576',154
4,4029,'1314579',155
4,4029,'1314584',156
4,4029,'1314598',157
4,4029,'1314599',158
4,4029,'1314610',159
4,4029,'1314625',160
4,4029,'1314632',161
4,4029,'1314644',162
4,4029,'1314647',163
4,4029,'1314650',164
4,4029,'1314675',165
4,4029,'1314695',166
4,4029,'1314708',167
4,4029,'1314716',168
5,5019,'1314276',169
5,5019,'1480307',170
5,5019,'1480308',171
5,5019,'1480309',172
5,5019,'1480310',173
5,5019,'1480311',174
5,5019,'1480312',175
5,5019,'1480313',176
5,5019,'1480314',177
5,5019,'1480315',178
5,5019,'1480317',179
5,5019,'1480318',180
5,5019,'1486238',181
5,5019,'1486239',182
5,5029,'1373808',183
5,5029,'1373811',184
5,5029,'1373814',185
5,5029,'1373836',186
5,5029,'1373848',187
5,5029,'1373861',188
5,5029,'1373869',189
5,5029,'1373870',190
5,5029,'1373872',191
5,5029,'1373879',192
5,5029,'1373947',193
5,5029,'1373953',194
5,5029,'1379492',195
6,6019,'1314205',196
6,6019,'1314209',197
6,6019,'1314232',198
6,6019,'1314288',199
6,6019,'1314314',200
6,6019,'1314329',201
6,6019,'1314480',202
6,6019,'1314483',203
6,6019,'1314624',204
6,6019,'1314658',205
6,6019,'1314711',206
6,6019,'1314714',207
6,6019,'1340615',208
6,6029,'1314197',209
6,6029,'1314299',210
6,6029,'1314300',211
6,6029,'1314368',212
6,6029,'1314404',213
6,6029,'1314417',214
6,6029,'1314422',215
6,6029,'1314589',216
6,6029,'1314657',217
6,6029,'1319163',218
6,6029,'1319404',219
6,6029,'1319670',220
6,6029,'1319758',221
