4029,'1314218',1215,,125,13,0,12 13 14 15,0
4029,'1314257',815,,126,13,0,12 13 14 15,0
4029,'1314280',715,,127,13,0,12 13 14 15,0
4029,'1314305',1615,,128,13,0,12 13 14 15,0
4029,'1314317',615,,129,13,0,12 13 14 15,0
4029,'1314347',915,,130,13,0,12 13 14 15,0
4029,'1314352',1015,,131,13,0,12 13 14 15,0
4029,'1314356',1719,,132,13,0,12 13 16 24,0
4029,'1314371',1715,,133,13,0,12 13 14 15,0
4029,'1314375',1515,,134,13,0,12 13 14 15,0
4029,'1314397',815,,135,13,0,12 13 14 15,0
4029,'1314401',1915,,136,13,0,12 13 14 15,0
4029,'1314406',1915,,137,13,0,12 13 14 15,0
4029,'1314426',1615,,138,13,0,12 13 14 15,0
4029,'1314449',2015,,139,13,0,12 13 14 15,0
4029,'1314455',1615,,140,13,0,12 13 14 15,0
4029,'1314456',1515,,141,13,0,12 13 14 15,0
4029,'1314457',715,,142,13,0,12 13 14 15,0
4029,'1314467',1415,,143,13,0,12 13 14 15,0
4029,'1314487',915,,144,13,0,12 13 14 15,0
4029,'1314490',1215,,145,13,0,12 13 14 15,0
4029,'1314494',2015,,146,13,0,12 13 14 15,0
4029,'1314503',1815,,147,13,0,12 13 14 15,0
4029,'1314506',2015,,148,13,0,12 13 14 15,0
4029,'1314521',915,,149,13,0,12 13 14 15,0
4029,'1314527',715,,150,13,0,12 13 14 15,0
4029,'1314528',1415,,151,13,0,12 13 14 15,0
4029,'1314529',615,,152,13,0,12 13 14 15,0
4029,'1314548',1315,,153,13,0,12 13 14 15,0
4029,'1314576',1715,,154,13,0,12 13 14 15,0
4029,'1314579',1819,,155,13,0,12 13 16 24,0
4029,'1314584',1215,,156,13,0,12 13 14 15,0
4029,'1314598',1015,,157,13,0,12 13 14 15,0
4029,'1314599',1115,,158,13,0,12 13 14 15,0
4029,'1314610',1915,,159,13,0,12 13 14 15,0
4029,'1314625',1415,,160,13,0,12 13 14 15,0
4029,'1314632',1815,,161,13,0,12 13 14 15,0
4029,'1314644',1315,,162,13,0,12 13 14 15,0
4029,'1314647',1115,,163,13,0,12 13 14 15,0
4029,'1314650',815,,164,13,0,12 13 14 15,0
4029,'1314675',1015,,165,13,0,12 13 14 15,0
4029,'1314695',1515,,166,13,0,12 13 14 15,0
4029,'1314708',1115,,167,13,0,12 13 14 15,0
4029,'1314716',1315,,168,13,0,12 13 14 15,0
