4019,'1314201',1532,,81,2,0,16 17 18,0
4019,'1314204',832,,82,2,0,16 17 18,0
4019,'1314230',1032,,83,2,0,16 17 18,0
4019,'1314236',932,,84,2,0,16 17 18,0
4019,'1314237',932,,85,2,0,16 17 18,0
4019,'1314242',1732,,86,2,0,16 17 18,0
4019,'1314249',1732,,87,2,0,16 17 18,0
4019,'1314250',1532,,88,2,0,16 17 18,0
4019,'1314255',1332,,89,2,0,16 17 18,0
4019,'1314268',1832,,90,2,0,16 17 18,0
4019,'1314269',832,,91,2,0,16 17 18,0
4019,'1314279',832,,92,2,0,16 17 18,0
4019,'1314283',732,,93,2,0,16 17 18,0
4019,'1314316',1732,,94,2,0,16 17 18,0
4019,'1314322',2032,,95,2,0,16 17 18,0
4019,'1314326',1432,,96,2,0,16 17 18,0
4019,'1314338',632,,97,2,0,16 17 18,0
4019,'1314340',1632,,98,2,0,16 17 18,0
4019,'1314345',1932,,99,2,0,16 17 18,0
4019,'1314353',932,,100,2,0,16 17 18,0
4019,'1314372',1932,,101,2,0,16 17 18,0
4019,'1314433',1432,,102,2,0,16 17 18,0
4019,'1314441',1632,,103,2,0,16 17 18,0
4019,'1314443',2032,,104,2,0,16 17 18,0
4019,'1314448',1232,,105,2,0,16 17 18,0
4019,'1314485',1832,,106,2,0,16 17 18,0
4019,'1314488',732,,107,2,0,16 17 18,0
4019,'1314493',1832,,108,2,0,16 17 18,0
4019,'1314500',1332,,109,2,0,16 17 18,0
4019,'1314509',1232,,110,2,0,16 17 18,0
4019,'1314512',1132,,111,2,0,16 17 18,0
4019,'1314542',2032,,112,2,0,16 17 18,0
4019,'1314587',1132,,113,2,0,16 17 18,0
4019,'1314590',1432,,114,2,0,16 17 18,0
4019,'1314597',732,,115,2,0,16 17 18,0
4019,'1314606',1132,,116,2,0,16 17 18,0
4019,'1314615',1532,,117,2,0,16 17 18,0
4019,'1314633',1232,,118,2,0,16 17 18,0
4019,'1314662',1032,,119,2,0,16 17 18,0
4019,'1314667',1332,,120,2,0,16 17 18,0
4019,'1314670',1932,,121,2,0,16 17 18,0
4019,'1314689',632,,122,2,0,16 17 18,0
4019,'1314699',1032,,123,2,0,16 17 18,0
4019,'1314709',1632,,124,2,0,16 17 18,0
