5029,'1373808',1722,,183,2,0,8 9 10 11,0
5029,'1373811',722,,184,2,0,8 9 10 11,0
5029,'1373814',522,,185,2,0,8 9 10 11,0
5029,'1373836',1122,,186,2,0,8 9 10 11,0
5029,'1373848',1522,,187,2,0,8 9 10 11,0
5029,'1373861',1422,,188,2,0,8 9 10 11,0
5029,'1373869',1322,,189,2,0,8 9 10 11,0
5029,'1373870',1622,,190,2,0,8 9 10 11,0
5029,'1373872',922,,191,2,0,8 9 10 11,0
5029,'1373879',822,,192,2,0,8 9 10 11,0
5029,'1373947',1222,,193,2,0,8 9 10 11,0
5029,'1373953',1022,,194,2,0,8 9 10 11,0
5029,'1379492',622,,195,2,0,8 9 10 11,0
