4029,'1314218',1213,,125,11,0,12 13 14 15,0
4029,'1314257',813,,126,11,0,12 13 14 15,0
4029,'1314280',713,,127,11,0,12 13 14 15,0
4029,'1314305',1613,,128,11,0,12 13 14 15,0
4029,'1314317',613,,129,11,0,12 13 14 15,0
4029,'1314347',913,,130,11,0,12 13 14 15,0
4029,'1314352',1013,,131,11,0,12 13 14 15,0
4029,'1314356',1717,,132,11,0,12 13 16 24,0
4029,'1314371',1713,,133,11,0,12 13 14 15,0
4029,'1314375',1513,,134,11,0,12 13 14 15,0
4029,'1314397',813,,135,11,0,12 13 14 15,0
4029,'1314401',1913,,136,11,0,12 13 14 15,0
4029,'1314406',1913,,137,11,0,12 13 14 15,0
4029,'1314426',1613,,138,11,0,12 13 14 15,0
4029,'1314449',2013,,139,11,0,12 13 14 15,0
4029,'1314455',1613,,140,11,0,12 13 14 15,0
4029,'1314456',1513,,141,11,0,12 13 14 15,0
4029,'1314457',713,,142,11,0,12 13 14 15,0
4029,'1314467',1413,,143,11,0,12 13 14 15,0
4029,'1314487',913,,144,11,0,12 13 14 15,0
4029,'1314490',1213,,145,11,0,12 13 14 15,0
4029,'1314494',2013,,146,11,0,12 13 14 15,0
4029,'1314503',1813,,147,11,0,12 13 14 15,0
4029,'1314506',2013,,148,11,0,12 13 14 15,0
4029,'1314521',913,,149,11,0,12 13 14 15,0
4029,'1314527',713,,150,11,0,12 13 14 15,0
4029,'1314528',1413,,151,11,0,12 13 14 15,0
4029,'1314529',613,,152,11,0,12 13 14 15,0
4029,'1314548',1313,,153,11,0,12 13 14 15,0
4029,'1314576',1713,,154,11,0,12 13 14 15,0
4029,'1314579',1817,,155,11,0,12 13 16 24,0
4029,'1314584',1213,,156,11,0,12 13 14 15,0
4029,'1314598',1013,,157,11,0,12 13 14 15,0
4029,'1314599',1113,,158,11,0,12 13 14 15,0
4029,'1314610',1913,,159,11,0,12 13 14 15,0
4029,'1314625',1413,,160,11,0,12 13 14 15,0
4029,'1314632',1813,,161,11,0,12 13 14 15,0
4029,'1314644',1313,,162,11,0,12 13 14 15,0
4029,'1314647',1113,,163,11,0,12 13 14 15,0
4029,'1314650',813,,164,11,0,12 13 14 15,0
4029,'1314675',1013,,165,11,0,12 13 14 15,0
4029,'1314695',1513,,166,11,0,12 13 14 15,0
4029,'1314708',1113,,167,11,0,12 13 14 15,0
4029,'1314716',1313,,168,11,0,12 13 14 15,0
