4019,'1314201',1549,,81,17,0,16 17 18,0
4019,'1314204',849,,82,17,0,16 17 18,0
4019,'1314230',1049,,83,17,0,16 17 18,0
4019,'1314236',949,,84,17,0,16 17 18,0
4019,'1314237',949,,85,17,0,16 17 18,0
4019,'1314242',1749,,86,17,0,16 17 18,0
4019,'1314249',1749,,87,17,0,16 17 18,0
4019,'1314250',1549,,88,17,0,16 17 18,0
4019,'1314255',1349,,89,17,0,16 17 18,0
4019,'1314268',1849,,90,17,0,16 17 18,0
4019,'1314269',849,,91,17,0,16 17 18,0
4019,'1314279',849,,92,17,0,16 17 18,0
4019,'1314283',749,,93,17,0,16 17 18,0
4019,'1314316',1749,,94,17,0,16 17 18,0
4019,'1314322',2049,,95,17,0,16 17 18,0
4019,'1314326',1449,,96,17,0,16 17 18,0
4019,'1314338',649,,97,17,0,16 17 18,0
4019,'1314340',1649,,98,17,0,16 17 18,0
4019,'1314345',1949,,99,17,0,16 17 18,0
4019,'1314353',949,,100,17,0,16 17 18,0
4019,'1314372',1949,,101,17,0,16 17 18,0
4019,'1314433',1449,,102,17,0,16 17 18,0
4019,'1314441',1649,,103,17,0,16 17 18,0
4019,'1314443',2049,,104,17,0,16 17 18,0
4019,'1314448',1249,,105,17,0,16 17 18,0
4019,'1314485',1849,,106,17,0,16 17 18,0
4019,'1314488',749,,107,17,0,16 17 18,0
4019,'1314493',1849,,108,17,0,16 17 18,0
4019,'1314500',1349,,109,17,0,16 17 18,0
4019,'1314509',1249,,110,17,0,16 17 18,0
4019,'1314512',1149,,111,17,0,16 17 18,0
4019,'1314542',2049,,112,17,0,16 17 18,0
4019,'1314587',1149,,113,17,0,16 17 18,0
4019,'1314590',1449,,114,17,0,16 17 18,0
4019,'1314597',749,,115,17,0,16 17 18,0
4019,'1314606',1149,,116,17,0,16 17 18,0
4019,'1314615',1549,,117,17,0,16 17 18,0
4019,'1314633',1249,,118,17,0,16 17 18,0
4019,'1314662',1049,,119,17,0,16 17 18,0
4019,'1314667',1349,,120,17,0,16 17 18,0
4019,'1314670',1949,,121,17,0,16 17 18,0
4019,'1314689',649,,122,17,0,16 17 18,0
4019,'1314699',1049,,123,17,0,16 17 18,0
4019,'1314709',1649,,124,17,0,16 17 18,0
