6019,'1314205',730,,196,6,0,20 21 22,0
6019,'1314209',1030,,197,6,0,20 21 22,0
6019,'1314232',1530,,198,6,0,20 21 22,0
6019,'1314288',1130,,199,6,0,20 21 22,0
6019,'1314314',830,,200,6,0,20 21 22,0
6019,'1314329',630,,201,6,0,20 21 22,0
6019,'1314480',1230,,202,6,0,20 21 22,0
6019,'1314483',930,,203,6,0,20 21 22,0
6019,'1314624',1730,,204,6,0,20 21 22,0
6019,'1314658',1830,,205,6,0,20 21 22,0
6019,'1314711',1330,,206,6,0,20 21 22,0
6019,'1314714',1630,,207,6,0,20 21 22,0
6019,'1340615',1430,,208,6,0,20 21 22,0
