4019,'1314201',1542,,81,12,0,16 17 18,0
4019,'1314204',842,,82,12,0,16 17 18,0
4019,'1314230',1042,,83,12,0,16 17 18,0
4019,'1314236',942,,84,12,0,16 17 18,0
4019,'1314237',942,,85,12,0,16 17 18,0
4019,'1314242',1742,,86,12,0,16 17 18,0
4019,'1314249',1742,,87,12,0,16 17 18,0
4019,'1314250',1542,,88,12,0,16 17 18,0
4019,'1314255',1342,,89,12,0,16 17 18,0
4019,'1314268',1842,,90,12,0,16 17 18,0
4019,'1314269',842,,91,12,0,16 17 18,0
4019,'1314279',842,,92,12,0,16 17 18,0
4019,'1314283',742,,93,12,0,16 17 18,0
4019,'1314316',1742,,94,12,0,16 17 18,0
4019,'1314322',2042,,95,12,0,16 17 18,0
4019,'1314326',1442,,96,12,0,16 17 18,0
4019,'1314338',642,,97,12,0,16 17 18,0
4019,'1314340',1642,,98,12,0,16 17 18,0
4019,'1314345',1942,,99,12,0,16 17 18,0
4019,'1314353',942,,100,12,0,16 17 18,0
4019,'1314372',1942,,101,12,0,16 17 18,0
4019,'1314433',1442,,102,12,0,16 17 18,0
4019,'1314441',1642,,103,12,0,16 17 18,0
4019,'1314443',2042,,104,12,0,16 17 18,0
4019,'1314448',1242,,105,12,0,16 17 18,0
4019,'1314485',1842,,106,12,0,16 17 18,0
4019,'1314488',742,,107,12,0,16 17 18,0
4019,'1314493',1842,,108,12,0,16 17 18,0
4019,'1314500',1342,,109,12,0,16 17 18,0
4019,'1314509',1242,,110,12,0,16 17 18,0
4019,'1314512',1142,,111,12,0,16 17 18,0
4019,'1314542',2042,,112,12,0,16 17 18,0
4019,'1314587',1142,,113,12,0,16 17 18,0
4019,'1314590',1442,,114,12,0,16 17 18,0
4019,'1314597',742,,115,12,0,16 17 18,0
4019,'1314606',1142,,116,12,0,16 17 18,0
4019,'1314615',1542,,117,12,0,16 17 18,0
4019,'1314633',1242,,118,12,0,16 17 18,0
4019,'1314662',1042,,119,12,0,16 17 18,0
4019,'1314667',1342,,120,12,0,16 17 18,0
4019,'1314670',1942,,121,12,0,16 17 18,0
4019,'1314689',642,,122,12,0,16 17 18,0
4019,'1314699',1042,,123,12,0,16 17 18,0
4019,'1314709',1642,,124,12,0,16 17 18,0
