3019,'1489629',600,,55,1,,,0
3019,'1489630',700,,56,1,,,0
3019,'1489631',800,,57,1,,,0
3019,'1489632',900,,58,1,,,0
3019,'1489633',1000,,59,1,,,0
3019,'1489634',1100,,60,1,,,0
3019,'1489635',1200,,61,1,,,0
3019,'1489636',1300,,62,1,,,0
3019,'1489637',1400,,63,1,,,0
3019,'1489638',1500,,64,1,,,0
3019,'1489639',1600,,65,1,,,0
3019,'1489640',1700,,66,1,,,0
3019,'1489641',1800,,67,1,,,0
3029,'1489642',647,,68,10,4,,0
3029,'1489643',747,,69,10,4,,0
3029,'1489644',847,,70,10,4,,0
3029,'1489645',947,,71,10,4,,0
3029,'1489646',1047,,72,10,4,,0
3029,'1489647',1147,,73,10,4,,0
3029,'1489648',1247,,74,10,4,,0
3029,'1489649',1347,,75,10,4,,0
3029,'1489650',1447,,76,10,4,,0
3029,'1489651',1547,,77,10,4,,0
3029,'1489652',1647,,78,10,4,,0
3029,'1489653',1747,,79,10,4,,0
3029,'1489654',1847,,80,10,4,,0
