4029,'1314218',1214,,125,12,0,12 13 14 15,0
4029,'1314257',814,,126,12,0,12 13 14 15,0
4029,'1314280',714,,127,12,0,12 13 14 15,0
4029,'1314305',1614,,128,12,0,12 13 14 15,0
4029,'1314317',614,,129,12,0,12 13 14 15,0
4029,'1314347',914,,130,12,0,12 13 14 15,0
4029,'1314352',1014,,131,12,0,12 13 14 15,0
4029,'1314356',1718,,132,12,0,12 13 16 24,0
4029,'1314371',1714,,133,12,0,12 13 14 15,0
4029,'1314375',1514,,134,12,0,12 13 14 15,0
4029,'1314397',814,,135,12,0,12 13 14 15,0
4029,'1314401',1914,,136,12,0,12 13 14 15,0
4029,'1314406',1914,,137,12,0,12 13 14 15,0
4029,'1314426',1614,,138,12,0,12 13 14 15,0
4029,'1314449',2014,,139,12,0,12 13 14 15,0
4029,'1314455',1614,,140,12,0,12 13 14 15,0
4029,'1314456',1514,,141,12,0,12 13 14 15,0
4029,'1314457',714,,142,12,0,12 13 14 15,0
4029,'1314467',1414,,143,12,0,12 13 14 15,0
4029,'1314487',914,,144,12,0,12 13 14 15,0
4029,'1314490',1214,,145,12,0,12 13 14 15,0
4029,'1314494',2014,,146,12,0,12 13 14 15,0
4029,'1314503',1814,,147,12,0,12 13 14 15,0
4029,'1314506',2014,,148,12,0,12 13 14 15,0
4029,'1314521',914,,149,12,0,12 13 14 15,0
4029,'1314527',714,,150,12,0,12 13 14 15,0
4029,'1314528',1414,,151,12,0,12 13 14 15,0
4029,'1314529',614,,152,12,0,12 13 14 15,0
4029,'1314548',1314,,153,12,0,12 13 14 15,0
4029,'1314576',1714,,154,12,0,12 13 14 15,0
4029,'1314579',1818,,155,12,0,12 13 16 24,0
4029,'1314584',1214,,156,12,0,12 13 14 15,0
4029,'1314598',1014,,157,12,0,12 13 14 15,0
4029,'1314599',1114,,158,12,0,12 13 14 15,0
4029,'1314610',1914,,159,12,0,12 13 14 15,0
4029,'1314625',1414,,160,12,0,12 13 14 15,0
4029,'1314632',1814,,161,12,0,12 13 14 15,0
4029,'1314644',1314,,162,12,0,12 13 14 15,0
4029,'1314647',1114,,163,12,0,12 13 14 15,0
4029,'1314650',814,,164,12,0,12 13 14 15,0
4029,'1314675',1014,,165,12,0,12 13 14 15,0
4029,'1314695',1514,,166,12,0,12 13 14 15,0
4029,'1314708',1114,,167,12,0,12 13 14 15,0
4029,'1314716',1314,,168,12,0,12 13 14 15,0
