6019,'1314205',742,,196,9,0,20 21 22,0
6019,'1314209',1042,,197,9,0,20 21 22,0
6019,'1314232',1542,,198,9,0,20 21 22,0
6019,'1314288',1142,,199,9,0,20 21 22,0
6019,'1314314',842,,200,9,0,20 21 22,0
6019,'1314329',642,,201,9,0,20 21 22,0
6019,'1314480',1242,,202,9,0,20 21 22,0
6019,'1314483',942,,203,9,0,20 21 22,0
6019,'1314624',1742,,204,9,0,20 21 22,0
6019,'1314658',1842,,205,9,0,20 21 22,0
6019,'1314711',1342,,206,9,0,20 21 22,0
6019,'1314714',1642,,207,9,0,20 21 22,0
6019,'1340615',1442,,208,9,0,20 21 22,0
