4029,'1314218',1223,,125,21,0,12 13 14 15,0
4029,'1314257',823,,126,21,0,12 13 14 15,0
4029,'1314280',723,,127,21,0,12 13 14 15,0
4029,'1314305',1623,,128,21,0,12 13 14 15,0
4029,'1314317',623,,129,21,0,12 13 14 15,0
4029,'1314347',923,,130,21,0,12 13 14 15,0
4029,'1314352',1023,,131,21,0,12 13 14 15,0
4029,'1314356',1727,,132,21,0,12 13 16 24,0
4029,'1314371',1723,,133,21,0,12 13 14 15,0
4029,'1314375',1523,,134,21,0,12 13 14 15,0
4029,'1314397',823,,135,21,0,12 13 14 15,0
4029,'1314401',1923,,136,21,0,12 13 14 15,0
4029,'1314406',1923,,137,21,0,12 13 14 15,0
4029,'1314426',1623,,138,21,0,12 13 14 15,0
4029,'1314449',2023,,139,21,0,12 13 14 15,0
4029,'1314455',1623,,140,21,0,12 13 14 15,0
4029,'1314456',1523,,141,21,0,12 13 14 15,0
4029,'1314457',723,,142,21,0,12 13 14 15,0
4029,'1314467',1423,,143,21,0,12 13 14 15,0
4029,'1314487',923,,144,21,0,12 13 14 15,0
4029,'1314490',1223,,145,21,0,12 13 14 15,0
4029,'1314494',2023,,146,21,0,12 13 14 15,0
4029,'1314503',1823,,147,21,0,12 13 14 15,0
4029,'1314506',2023,,148,21,0,12 13 14 15,0
4029,'1314521',923,,149,21,0,12 13 14 15,0
4029,'1314527',723,,150,21,0,12 13 14 15,0
4029,'1314528',1423,,151,21,0,12 13 14 15,0
4029,'1314529',623,,152,21,0,12 13 14 15,0
4029,'1314548',1323,,153,21,0,12 13 14 15,0
4029,'1314576',1723,,154,21,0,12 13 14 15,0
4029,'1314579',1827,,155,21,0,12 13 16 24,0
4029,'1314584',1223,,156,21,0,12 13 14 15,0
4029,'1314598',1023,,157,21,0,12 13 14 15,0
4029,'1314599',1123,,158,21,0,12 13 14 15,0
4029,'1314610',1923,,159,21,0,12 13 14 15,0
4029,'1314625',1423,,160,21,0,12 13 14 15,0
4029,'1314632',1823,,161,21,0,12 13 14 15,0
4029,'1314644',1323,,162,21,0,12 13 14 15,0
4029,'1314647',1123,,163,21,0,12 13 14 15,0
4029,'1314650',823,,164,21,0,12 13 14 15,0
4029,'1314675',1023,,165,21,0,12 13 14 15,0
4029,'1314695',1523,,166,21,0,12 13 14 15,0
4029,'1314708',1123,,167,21,0,12 13 14 15,0
4029,'1314716',1323,,168,21,0,12 13 14 15,0
