4029,'1314218',1216,,125,15,0,12 13 14 15,0
4029,'1314257',816,,126,15,0,12 13 14 15,0
4029,'1314280',716,,127,15,0,12 13 14 15,0
4029,'1314305',1616,,128,15,0,12 13 14 15,0
4029,'1314317',616,,129,15,0,12 13 14 15,0
4029,'1314347',916,,130,15,0,12 13 14 15,0
4029,'1314352',1016,,131,15,0,12 13 14 15,0
4029,'1314356',1720,,132,15,0,12 13 16 24,0
4029,'1314371',1716,,133,15,0,12 13 14 15,0
4029,'1314375',1516,,134,15,0,12 13 14 15,0
4029,'1314397',816,,135,15,0,12 13 14 15,0
4029,'1314401',1916,,136,15,0,12 13 14 15,0
4029,'1314406',1916,,137,15,0,12 13 14 15,0
4029,'1314426',1616,,138,15,0,12 13 14 15,0
4029,'1314449',2016,,139,15,0,12 13 14 15,0
4029,'1314455',1616,,140,15,0,12 13 14 15,0
4029,'1314456',1516,,141,15,0,12 13 14 15,0
4029,'1314457',716,,142,15,0,12 13 14 15,0
4029,'1314467',1416,,143,15,0,12 13 14 15,0
4029,'1314487',916,,144,15,0,12 13 14 15,0
4029,'1314490',1216,,145,15,0,12 13 14 15,0
4029,'1314494',2016,,146,15,0,12 13 14 15,0
4029,'1314503',1816,,147,15,0,12 13 14 15,0
4029,'1314506',2016,,148,15,0,12 13 14 15,0
4029,'1314521',916,,149,15,0,12 13 14 15,0
4029,'1314527',716,,150,15,0,12 13 14 15,0
4029,'1314528',1416,,151,15,0,12 13 14 15,0
4029,'1314529',616,,152,15,0,12 13 14 15,0
4029,'1314548',1316,,153,15,0,12 13 14 15,0
4029,'1314576',1716,,154,15,0,12 13 14 15,0
4029,'1314579',1820,,155,15,0,12 13 16 24,0
4029,'1314584',1216,,156,15,0,12 13 14 15,0
4029,'1314598',1016,,157,15,0,12 13 14 15,0
4029,'1314599',1116,,158,15,0,12 13 14 15,0
4029,'1314610',1916,,159,15,0,12 13 14 15,0
4029,'1314625',1416,,160,15,0,12 13 14 15,0
4029,'1314632',1816,,161,15,0,12 13 14 15,0
4029,'1314644',1316,,162,15,0,12 13 14 15,0
4029,'1314647',1116,,163,15,0,12 13 14 15,0
4029,'1314650',816,,164,15,0,12 13 14 15,0
4029,'1314675',1016,,165,15,0,12 13 14 15,0
4029,'1314695',1516,,166,15,0,12 13 14 15,0
4029,'1314708',1116,,167,15,0,12 13 14 15,0
4029,'1314716',1316,,168,15,0,12 13 14 15,0
