5019,'1314276',1812,,169,3,4,,0
5019,'1480307',927,,170,3,0,5 6 7,0
5019,'1480308',1127,,171,3,0,5 6 7,0
5019,'1480309',1327,,172,3,0,5 6 7,0
5019,'1480310',1527,,173,3,0,5 6 7,0
5019,'1480311',1727,,174,3,0,5 6 7,0
5019,'1480312',827,,175,3,0,5 6 7,0
5019,'1480313',1027,,176,3,0,5 6 7,0
5019,'1480314',1227,,177,3,0,5 6 7,0
5019,'1480315',1427,,178,3,0,5 6 7,0
5019,'1480317',527,,179,3,0,5 6 7,0
5019,'1480318',627,,180,3,0,5 6 7,0
5019,'1486238',727,,181,3,0,5 6 7,0
5019,'1486239',1627,,182,3,0,5 6 7,0
