5019,'1314276',1805,,169,1,,,0
5019,'1480307',920,,170,1,0,5 6 7,0
5019,'1480308',1120,,171,1,0,5 6 7,0
5019,'1480309',1320,,172,1,0,5 6 7,0
5019,'1480310',1520,,173,1,0,5 6 7,0
5019,'1480311',1720,,174,1,0,5 6 7,0
5019,'1480312',820,,175,1,0,5 6 7,0
5019,'1480313',1020,,176,1,0,5 6 7,0
5019,'1480314',1220,,177,1,0,5 6 7,0
5019,'1480315',1420,,178,1,0,5 6 7,0
5019,'1480317',520,,179,1,0,5 6 7,0
5019,'1480318',620,,180,1,0,5 6 7,0
5019,'1486238',720,,181,1,0,5 6 7,0
5019,'1486239',1620,,182,1,0,5 6 7,0
5029,'1373808',1806,,183,14,4,,0
5029,'1373811',806,,184,14,4,,0
5029,'1373814',606,,185,14,4,,0
5029,'1373836',1206,,186,14,4,,0
5029,'1373848',1606,,187,14,4,,0
5029,'1373861',1506,,188,14,4,,0
5029,'1373869',1406,,189,14,4,,0
5029,'1373870',1706,,190,14,4,,0
5029,'1373872',1006,,191,14,4,,0
5029,'1373879',906,,192,14,4,,0
5029,'1373947',1306,,193,14,4,,0
5029,'1373953',1106,,194,14,4,,0
5029,'1379492',706,,195,14,4,,0
