2029,'1314233',1251,,41,2,0,12 13 14 15,0
2029,'1314234',951,,42,2,0,12 13 14 15,0
2029,'1314272',1151,,43,2,0,12 13 14 15,0
2029,'1314302',1351,,44,2,0,12 13 14 15,0
2029,'1314339',1551,,45,2,0,12 13 14 15,0
2029,'1314350',1451,,46,2,0,12 13 14 15,0
2029,'1314439',751,,47,2,0,12 13 14 15,0
2029,'1314471',551,,48,2,0,12 13 14 15,0
2029,'1314507',1651,,49,2,0,12 13 14 15,0
2029,'1314531',1051,,50,2,0,12 13 14 15,0
2029,'1314538',651,,51,2,0,12 13 14 15,0
2029,'1314549',851,,52,2,0,12 13 14 15,0
2029,'1314618',1851,,53,2,0,12 13 14 15,0
2029,'1314637',1751,,54,2,0,12 13 14 15,0
