5029,'1373808',1724,,183,4,0,8 9 10 11,0
5029,'1373811',724,,184,4,0,8 9 10 11,0
5029,'1373814',524,,185,4,0,8 9 10 11,0
5029,'1373836',1124,,186,4,0,8 9 10 11,0
5029,'1373848',1524,,187,4,0,8 9 10 11,0
5029,'1373861',1424,,188,4,0,8 9 10 11,0
5029,'1373869',1324,,189,4,0,8 9 10 11,0
5029,'1373870',1624,,190,4,0,8 9 10 11,0
5029,'1373872',924,,191,4,0,8 9 10 11,0
5029,'1373879',824,,192,4,0,8 9 10 11,0
5029,'1373947',1224,,193,4,0,8 9 10 11,0
5029,'1373953',1024,,194,4,0,8 9 10 11,0
5029,'1379492',624,,195,4,0,8 9 10 11,0
