1019,'1314193',1157,,1,3,,,0
1019,'1314196',1257,,2,3,,,0
1019,'1314228',757,,3,3,,,0
1019,'1314323',857,,4,3,,,0
1019,'1314341',957,,5,3,,,0
1019,'1314343',1657,,6,3,,,0
1019,'1314358',1457,,7,3,,,0
1019,'1314400',1757,,8,3,,,0
1019,'1314535',1357,,9,3,,,0
1019,'1314575',1557,,10,3,,,0
1019,'1314656',1057,,11,3,,,0
1019,'1492501',557,,12,3,,,0
1019,'1492502',657,,13,3,,,0
1029,'1314220',1615,,14,9,0,23,0
1029,'1314225',915,,15,9,0,23,0
1029,'1314259',1115,,16,9,0,23,0
1029,'1314304',1915,,17,9,0,23,0
1029,'1314306',1015,,18,9,0,23,0
1029,'1314315',1315,,19,9,0,23,0
1029,'1314344',1715,,20,9,0,23,0
1029,'1314362',1215,,21,9,0,23,0
1029,'1314373',715,,22,9,0,23,0
1029,'1314398',1815,,23,9,0,23,0
1029,'1314557',815,,24,9,0,23,0
1029,'1314578',1515,,25,9,0,23,0
1029,'1314692',1415,,26,9,0,23,0
