4029,'1314218',1203,,125,4,0,12 13 14 15,0
4029,'1314257',803,,126,4,0,12 13 14 15,0
4029,'1314280',703,,127,4,0,12 13 14 15,0
4029,'1314305',1603,,128,4,0,12 13 14 15,0
4029,'1314317',603,,129,4,0,12 13 14 15,0
4029,'1314347',903,,130,4,0,12 13 14 15,0
4029,'1314352',1003,,131,4,0,12 13 14 15,0
4029,'1314371',1703,,133,4,0,12 13 14 15,0
4029,'1314375',1503,,134,4,0,12 13 14 15,0
4029,'1314397',803,,135,4,0,12 13 14 15,0
4029,'1314401',1903,,136,4,0,12 13 14 15,0
4029,'1314406',1903,,137,4,0,12 13 14 15,0
4029,'1314426',1603,,138,4,0,12 13 14 15,0
4029,'1314449',2003,,139,4,0,12 13 14 15,0
4029,'1314455',1603,,140,4,0,12 13 14 15,0
4029,'1314456',1503,,141,4,0,12 13 14 15,0
4029,'1314457',703,,142,4,0,12 13 14 15,0
4029,'1314467',1403,,143,4,0,12 13 14 15,0
4029,'1314487',903,,144,4,0,12 13 14 15,0
4029,'1314490',1203,,145,4,0,12 13 14 15,0
4029,'1314494',2003,,146,4,0,12 13 14 15,0
4029,'1314503',1803,,147,4,0,12 13 14 15,0
4029,'1314506',2003,,148,4,0,12 13 14 15,0
4029,'1314521',903,,149,4,0,12 13 14 15,0
4029,'1314527',703,,150,4,0,12 13 14 15,0
4029,'1314528',1403,,151,4,0,12 13 14 15,0
4029,'1314529',603,,152,4,0,12 13 14 15,0
4029,'1314548',1303,,153,4,0,12 13 14 15,0
4029,'1314576',1703,,154,4,0,12 13 14 15,0
4029,'1314584',1203,,156,4,0,12 13 14 15,0
4029,'1314598',1003,,157,4,0,12 13 14 15,0
4029,'1314599',1103,,158,4,0,12 13 14 15,0
4029,'1314610',1903,,159,4,0,12 13 14 15,0
4029,'1314625',1403,,160,4,0,12 13 14 15,0
4029,'1314632',1803,,161,4,0,12 13 14 15,0
4029,'1314644',1303,,162,4,0,12 13 14 15,0
4029,'1314647',1103,,163,4,0,12 13 14 15,0
4029,'1314650',803,,164,4,0,12 13 14 15,0
4029,'1314675',1003,,165,4,0,12 13 14 15,0
4029,'1314695',1503,,166,4,0,12 13 14 15,0
4029,'1314708',1103,,167,4,0,12 13 14 15,0
4029,'1314716',1303,,168,4,0,12 13 14 15,0
