6019,'1314205',753,,196,10,0,20 21 22,0
6019,'1314209',1053,,197,10,0,20 21 22,0
6019,'1314232',1553,,198,10,0,20 21 22,0
6019,'1314288',1153,,199,10,0,20 21 22,0
6019,'1314314',853,,200,10,0,20 21 22,0
6019,'1314329',653,,201,10,0,20 21 22,0
6019,'1314480',1253,,202,10,0,20 21 22,0
6019,'1314483',953,,203,10,0,20 21 22,0
6019,'1314624',1753,,204,10,0,20 21 22,0
6019,'1314658',1853,,205,10,0,20 21 22,0
6019,'1314711',1353,,206,10,0,20 21 22,0
6019,'1314714',1653,,207,10,0,20 21 22,0
6019,'1340615',1453,,208,10,0,20 21 22,0
