6019,'1314205',754,,196,11,4,,0
6019,'1314209',1054,,197,11,4,,0
6019,'1314232',1554,,198,11,4,,0
6019,'1314288',1154,,199,11,4,,0
6019,'1314314',854,,200,11,4,,0
6019,'1314329',654,,201,11,4,,0
6019,'1314480',1254,,202,11,4,,0
6019,'1314483',954,,203,11,4,,0
6019,'1314624',1754,,204,11,4,,0
6019,'1314658',1854,,205,11,4,,0
6019,'1314711',1354,,206,11,4,,0
6019,'1314714',1654,,207,11,4,,0
6019,'1340615',1454,,208,11,4,,0
6029,'1314197',1700,,209,1,0,19,0
6029,'1314299',1100,,210,1,0,19,0
6029,'1314300',600,,211,1,0,19,0
6029,'1314368',1600,,212,1,0,19,0
6029,'1314404',1400,,213,1,0,19,0
6029,'1314417',1000,,214,1,0,19,0
6029,'1314422',1200,,215,1,0,19,0
6029,'1314589',1300,,216,1,0,19,0
6029,'1314657',1500,,217,1,0,19,0
6029,'1319163',700,,218,1,0,19,0
6029,'1319404',900,,219,1,0,19,0
6029,'1319670',800,,220,1,0,19,0
6029,'1319758',1800,,221,1,0,19,0
