2019,'1314282',1123,,27,6,4,,0
2019,'1314324',1623,,28,6,4,,0
2019,'1314333',1723,,29,6,4,,0
2019,'1314351',1323,,30,6,4,,0
2019,'1314367',723,,31,6,4,,0
2019,'1314431',823,,32,6,4,,0
2019,'1314526',1423,,33,6,4,,0
2019,'1314534',623,,34,6,4,,0
2019,'1314609',1523,,35,6,4,,0
2019,'1314649',1923,,36,6,4,,0
2019,'1314664',1223,,37,6,4,,0
2019,'1314668',1823,,38,6,4,,0
2019,'1314673',1023,,39,6,4,,0
2019,'1314684',923,,40,6,4,,0
2029,'1314233',1230,,41,1,0,12 13 14 15,0
2029,'1314234',930,,42,1,0,12 13 14 15,0
2029,'1314272',1130,,43,1,0,12 13 14 15,0
2029,'1314302',1330,,44,1,0,12 13 14 15,0
2029,'1314339',1530,,45,1,0,12 13 14 15,0
2029,'1314350',1430,,46,1,0,12 13 14 15,0
2029,'1314439',730,,47,1,0,12 13 14 15,0
2029,'1314471',530,,48,1,0,12 13 14 15,0
2029,'1314507',1630,,49,1,0,12 13 14 15,0
2029,'1314531',1030,,50,1,0,12 13 14 15,0
2029,'1314538',630,,51,1,0,12 13 14 15,0
2029,'1314549',830,,52,1,0,12 13 14 15,0
2029,'1314618',1830,,53,1,0,12 13 14 15,0
2029,'1314637',1730,,54,1,0,12 13 14 15,0
