5029,'1373808',1749,,183,12,0,8 9 10 11,0
5029,'1373811',749,,184,12,0,8 9 10 11,0
5029,'1373814',549,,185,12,0,8 9 10 11,0
5029,'1373836',1149,,186,12,0,8 9 10 11,0
5029,'1373848',1549,,187,12,0,8 9 10 11,0
5029,'1373861',1449,,188,12,0,8 9 10 11,0
5029,'1373869',1349,,189,12,0,8 9 10 11,0
5029,'1373870',1649,,190,12,0,8 9 10 11,0
5029,'1373872',949,,191,12,0,8 9 10 11,0
5029,'1373879',849,,192,12,0,8 9 10 11,0
5029,'1373947',1249,,193,12,0,8 9 10 11,0
5029,'1373953',1049,,194,12,0,8 9 10 11,0
5029,'1379492',649,,195,12,0,8 9 10 11,0
