4019,'1314201',1553,,81,21,0,16 17 18,0
4019,'1314204',853,,82,21,0,16 17 18,0
4019,'1314230',1053,,83,21,0,16 17 18,0
4019,'1314236',953,,84,21,0,16 17 18,0
4019,'1314237',953,,85,21,0,16 17 18,0
4019,'1314242',1753,,86,21,0,16 17 18,0
4019,'1314249',1753,,87,21,0,16 17 18,0
4019,'1314250',1553,,88,21,0,16 17 18,0
4019,'1314255',1353,,89,21,0,16 17 18,0
4019,'1314268',1853,,90,21,0,16 17 18,0
4019,'1314269',853,,91,21,0,16 17 18,0
4019,'1314279',853,,92,21,0,16 17 18,0
4019,'1314283',753,,93,21,0,16 17 18,0
4019,'1314316',1753,,94,21,0,16 17 18,0
4019,'1314322',2053,,95,21,0,16 17 18,0
4019,'1314326',1453,,96,21,0,16 17 18,0
4019,'1314338',653,,97,21,0,16 17 18,0
4019,'1314340',1653,,98,21,0,16 17 18,0
4019,'1314345',1953,,99,21,0,16 17 18,0
4019,'1314353',953,,100,21,0,16 17 18,0
4019,'1314372',1953,,101,21,0,16 17 18,0
4019,'1314433',1453,,102,21,0,16 17 18,0
4019,'1314441',1653,,103,21,0,16 17 18,0
4019,'1314443',2053,,104,21,0,16 17 18,0
4019,'1314448',1253,,105,21,0,16 17 18,0
4019,'1314485',1853,,106,21,0,16 17 18,0
4019,'1314488',753,,107,21,0,16 17 18,0
4019,'1314493',1853,,108,21,0,16 17 18,0
4019,'1314500',1353,,109,21,0,16 17 18,0
4019,'1314509',1253,,110,21,0,16 17 18,0
4019,'1314512',1153,,111,21,0,16 17 18,0
4019,'1314542',2053,,112,21,0,16 17 18,0
4019,'1314587',1153,,113,21,0,16 17 18,0
4019,'1314590',1453,,114,21,0,16 17 18,0
4019,'1314597',753,,115,21,0,16 17 18,0
4019,'1314606',1153,,116,21,0,16 17 18,0
4019,'1314615',1553,,117,21,0,16 17 18,0
4019,'1314633',1253,,118,21,0,16 17 18,0
4019,'1314662',1053,,119,21,0,16 17 18,0
4019,'1314667',1353,,120,21,0,16 17 18,0
4019,'1314670',1953,,121,21,0,16 17 18,0
4019,'1314689',653,,122,21,0,16 17 18,0
4019,'1314699',1053,,123,21,0,16 17 18,0
4019,'1314709',1653,,124,21,0,16 17 18,0
