4019,'1314201',1540,,81,10,0,16 17 18,0
4019,'1314204',840,,82,10,0,16 17 18,0
4019,'1314230',1040,,83,10,0,16 17 18,0
4019,'1314236',940,,84,10,0,16 17 18,0
4019,'1314237',940,,85,10,0,16 17 18,0
4019,'1314242',1740,,86,10,0,16 17 18,0
4019,'1314249',1740,,87,10,0,16 17 18,0
4019,'1314250',1540,,88,10,0,16 17 18,0
4019,'1314255',1340,,89,10,0,16 17 18,0
4019,'1314268',1840,,90,10,0,16 17 18,0
4019,'1314269',840,,91,10,0,16 17 18,0
4019,'1314279',840,,92,10,0,16 17 18,0
4019,'1314283',740,,93,10,0,16 17 18,0
4019,'1314316',1740,,94,10,0,16 17 18,0
4019,'1314322',2040,,95,10,0,16 17 18,0
4019,'1314326',1440,,96,10,0,16 17 18,0
4019,'1314338',640,,97,10,0,16 17 18,0
4019,'1314340',1640,,98,10,0,16 17 18,0
4019,'1314345',1940,,99,10,0,16 17 18,0
4019,'1314353',940,,100,10,0,16 17 18,0
4019,'1314372',1940,,101,10,0,16 17 18,0
4019,'1314433',1440,,102,10,0,16 17 18,0
4019,'1314441',1640,,103,10,0,16 17 18,0
4019,'1314443',2040,,104,10,0,16 17 18,0
4019,'1314448',1240,,105,10,0,16 17 18,0
4019,'1314485',1840,,106,10,0,16 17 18,0
4019,'1314488',740,,107,10,0,16 17 18,0
4019,'1314493',1840,,108,10,0,16 17 18,0
4019,'1314500',1340,,109,10,0,16 17 18,0
4019,'1314509',1240,,110,10,0,16 17 18,0
4019,'1314512',1140,,111,10,0,16 17 18,0
4019,'1314542',2040,,112,10,0,16 17 18,0
4019,'1314587',1140,,113,10,0,16 17 18,0
4019,'1314590',1440,,114,10,0,16 17 18,0
4019,'1314597',740,,115,10,0,16 17 18,0
4019,'1314606',1140,,116,10,0,16 17 18,0
4019,'1314615',1540,,117,10,0,16 17 18,0
4019,'1314633',1240,,118,10,0,16 17 18,0
4019,'1314662',1040,,119,10,0,16 17 18,0
4019,'1314667',1340,,120,10,0,16 17 18,0
4019,'1314670',1940,,121,10,0,16 17 18,0
4019,'1314689',640,,122,10,0,16 17 18,0
4019,'1314699',1040,,123,10,0,16 17 18,0
4019,'1314709',1640,,124,10,0,16 17 18,0
