4029,'1314218',1218,,125,18,0,12 13 14 15,0
4029,'1314257',818,,126,18,0,12 13 14 15,0
4029,'1314280',718,,127,18,0,12 13 14 15,0
4029,'1314305',1618,,128,18,0,12 13 14 15,0
4029,'1314317',618,,129,18,0,12 13 14 15,0
4029,'1314347',918,,130,18,0,12 13 14 15,0
4029,'1314352',1018,,131,18,0,12 13 14 15,0
4029,'1314356',1722,,132,18,0,12 13 16 24,0
4029,'1314371',1718,,133,18,0,12 13 14 15,0
4029,'1314375',1518,,134,18,0,12 13 14 15,0
4029,'1314397',818,,135,18,0,12 13 14 15,0
4029,'1314401',1918,,136,18,0,12 13 14 15,0
4029,'1314406',1918,,137,18,0,12 13 14 15,0
4029,'1314426',1618,,138,18,0,12 13 14 15,0
4029,'1314449',2018,,139,18,0,12 13 14 15,0
4029,'1314455',1618,,140,18,0,12 13 14 15,0
4029,'1314456',1518,,141,18,0,12 13 14 15,0
4029,'1314457',718,,142,18,0,12 13 14 15,0
4029,'1314467',1418,,143,18,0,12 13 14 15,0
4029,'1314487',918,,144,18,0,12 13 14 15,0
4029,'1314490',1218,,145,18,0,12 13 14 15,0
4029,'1314494',2018,,146,18,0,12 13 14 15,0
4029,'1314503',1818,,147,18,0,12 13 14 15,0
4029,'1314506',2018,,148,18,0,12 13 14 15,0
4029,'1314521',918,,149,18,0,12 13 14 15,0
4029,'1314527',718,,150,18,0,12 13 14 15,0
4029,'1314528',1418,,151,18,0,12 13 14 15,0
4029,'1314529',618,,152,18,0,12 13 14 15,0
4029,'1314548',1318,,153,18,0,12 13 14 15,0
4029,'1314576',1718,,154,18,0,12 13 14 15,0
4029,'1314579',1822,,155,18,0,12 13 16 24,0
4029,'1314584',1218,,156,18,0,12 13 14 15,0
4029,'1314598',1018,,157,18,0,12 13 14 15,0
4029,'1314599',1118,,158,18,0,12 13 14 15,0
4029,'1314610',1918,,159,18,0,12 13 14 15,0
4029,'1314625',1418,,160,18,0,12 13 14 15,0
4029,'1314632',1818,,161,18,0,12 13 14 15,0
4029,'1314644',1318,,162,18,0,12 13 14 15,0
4029,'1314647',1118,,163,18,0,12 13 14 15,0
4029,'1314650',818,,164,18,0,12 13 14 15,0
4029,'1314675',1018,,165,18,0,12 13 14 15,0
4029,'1314695',1518,,166,18,0,12 13 14 15,0
4029,'1314708',1118,,167,18,0,12 13 14 15,0
4029,'1314716',1318,,168,18,0,12 13 14 15,0
