4029,'1314218',1217,,125,17,0,12 13 14 15,0
4029,'1314257',817,,126,17,0,12 13 14 15,0
4029,'1314280',717,,127,17,0,12 13 14 15,0
4029,'1314305',1617,,128,17,0,12 13 14 15,0
4029,'1314317',617,,129,17,0,12 13 14 15,0
4029,'1314347',917,,130,17,0,12 13 14 15,0
4029,'1314352',1017,,131,17,0,12 13 14 15,0
4029,'1314356',1721,,132,17,0,12 13 16 24,0
4029,'1314371',1717,,133,17,0,12 13 14 15,0
4029,'1314375',1517,,134,17,0,12 13 14 15,0
4029,'1314397',817,,135,17,0,12 13 14 15,0
4029,'1314401',1917,,136,17,0,12 13 14 15,0
4029,'1314406',1917,,137,17,0,12 13 14 15,0
4029,'1314426',1617,,138,17,0,12 13 14 15,0
4029,'1314449',2017,,139,17,0,12 13 14 15,0
4029,'1314455',1617,,140,17,0,12 13 14 15,0
4029,'1314456',1517,,141,17,0,12 13 14 15,0
4029,'1314457',717,,142,17,0,12 13 14 15,0
4029,'1314467',1417,,143,17,0,12 13 14 15,0
4029,'1314487',917,,144,17,0,12 13 14 15,0
4029,'1314490',1217,,145,17,0,12 13 14 15,0
4029,'1314494',2017,,146,17,0,12 13 14 15,0
4029,'1314503',1817,,147,17,0,12 13 14 15,0
4029,'1314506',2017,,148,17,0,12 13 14 15,0
4029,'1314521',917,,149,17,0,12 13 14 15,0
4029,'1314527',717,,150,17,0,12 13 14 15,0
4029,'1314528',1417,,151,17,0,12 13 14 15,0
4029,'1314529',617,,152,17,0,12 13 14 15,0
4029,'1314548',1317,,153,17,0,12 13 14 15,0
4029,'1314576',1717,,154,17,0,12 13 14 15,0
4029,'1314579',1821,,155,17,0,12 13 16 24,0
4029,'1314584',1217,,156,17,0,12 13 14 15,0
4029,'1314598',1017,,157,17,0,12 13 14 15,0
4029,'1314599',1117,,158,17,0,12 13 14 15,0
4029,'1314610',1917,,159,17,0,12 13 14 15,0
4029,'1314625',1417,,160,17,0,12 13 14 15,0
4029,'1314632',1817,,161,17,0,12 13 14 15,0
4029,'1314644',1317,,162,17,0,12 13 14 15,0
4029,'1314647',1117,,163,17,0,12 13 14 15,0
4029,'1314650',817,,164,17,0,12 13 14 15,0
4029,'1314675',1017,,165,17,0,12 13 14 15,0
4029,'1314695',1517,,166,17,0,12 13 14 15,0
4029,'1314708',1117,,167,17,0,12 13 14 15,0
4029,'1314716',1317,,168,17,0,12 13 14 15,0
