5029,'1373808',1723,,183,3,0,8 9 10 11,0
5029,'1373811',723,,184,3,0,8 9 10 11,0
5029,'1373814',523,,185,3,0,8 9 10 11,0
5029,'1373836',1123,,186,3,0,8 9 10 11,0
5029,'1373848',1523,,187,3,0,8 9 10 11,0
5029,'1373861',1423,,188,3,0,8 9 10 11,0
5029,'1373869',1323,,189,3,0,8 9 10 11,0
5029,'1373870',1623,,190,3,0,8 9 10 11,0
5029,'1373872',923,,191,3,0,8 9 10 11,0
5029,'1373879',823,,192,3,0,8 9 10 11,0
5029,'1373947',1223,,193,3,0,8 9 10 11,0
5029,'1373953',1023,,194,3,0,8 9 10 11,0
5029,'1379492',623,,195,3,0,8 9 10 11,0
