5029,'1373808',1747,,183,11,0,8 9 10 11,0
5029,'1373811',747,,184,11,0,8 9 10 11,0
5029,'1373814',547,,185,11,0,8 9 10 11,0
5029,'1373836',1147,,186,11,0,8 9 10 11,0
5029,'1373848',1547,,187,11,0,8 9 10 11,0
5029,'1373861',1447,,188,11,0,8 9 10 11,0
5029,'1373869',1347,,189,11,0,8 9 10 11,0
5029,'1373870',1647,,190,11,0,8 9 10 11,0
5029,'1373872',947,,191,11,0,8 9 10 11,0
5029,'1373879',847,,192,11,0,8 9 10 11,0
5029,'1373947',1247,,193,11,0,8 9 10 11,0
5029,'1373953',1047,,194,11,0,8 9 10 11,0
5029,'1379492',647,,195,11,0,8 9 10 11,0
