2029,'1314233',1255,,41,3,0,12 13 14 15,0
2029,'1314234',955,,42,3,0,12 13 14 15,0
2029,'1314272',1155,,43,3,0,12 13 14 15,0
2029,'1314302',1355,,44,3,0,12 13 14 15,0
2029,'1314339',1555,,45,3,0,12 13 14 15,0
2029,'1314350',1455,,46,3,0,12 13 14 15,0
2029,'1314439',755,,47,3,0,12 13 14 15,0
2029,'1314471',555,,48,3,0,12 13 14 15,0
2029,'1314507',1655,,49,3,0,12 13 14 15,0
2029,'1314531',1055,,50,3,0,12 13 14 15,0
2029,'1314538',655,,51,3,0,12 13 14 15,0
2029,'1314549',855,,52,3,0,12 13 14 15,0
2029,'1314618',1855,,53,3,0,12 13 14 15,0
2029,'1314637',1755,,54,3,0,12 13 14 15,0
