4029,'1314218',1204,,125,5,0,12 13 14 15,0
4029,'1314257',804,,126,5,0,12 13 14 15,0
4029,'1314280',704,,127,5,0,12 13 14 15,0
4029,'1314305',1604,,128,5,0,12 13 14 15,0
4029,'1314317',604,,129,5,0,12 13 14 15,0
4029,'1314347',904,,130,5,0,12 13 14 15,0
4029,'1314352',1004,,131,5,0,12 13 14 15,0
4029,'1314356',1708,,132,5,0,12 13 16 24,0
4029,'1314371',1704,,133,5,0,12 13 14 15,0
4029,'1314375',1504,,134,5,0,12 13 14 15,0
4029,'1314397',804,,135,5,0,12 13 14 15,0
4029,'1314401',1904,,136,5,0,12 13 14 15,0
4029,'1314406',1904,,137,5,0,12 13 14 15,0
4029,'1314426',1604,,138,5,0,12 13 14 15,0
4029,'1314449',2004,,139,5,0,12 13 14 15,0
4029,'1314455',1604,,140,5,0,12 13 14 15,0
4029,'1314456',1504,,141,5,0,12 13 14 15,0
4029,'1314457',704,,142,5,0,12 13 14 15,0
4029,'1314467',1404,,143,5,0,12 13 14 15,0
4029,'1314487',904,,144,5,0,12 13 14 15,0
4029,'1314490',1204,,145,5,0,12 13 14 15,0
4029,'1314494',2004,,146,5,0,12 13 14 15,0
4029,'1314503',1804,,147,5,0,12 13 14 15,0
4029,'1314506',2004,,148,5,0,12 13 14 15,0
4029,'1314521',904,,149,5,0,12 13 14 15,0
4029,'1314527',704,,150,5,0,12 13 14 15,0
4029,'1314528',1404,,151,5,0,12 13 14 15,0
4029,'1314529',604,,152,5,0,12 13 14 15,0
4029,'1314548',1304,,153,5,0,12 13 14 15,0
4029,'1314576',1704,,154,5,0,12 13 14 15,0
4029,'1314579',1808,,155,5,0,12 13 16 24,0
4029,'1314584',1204,,156,5,0,12 13 14 15,0
4029,'1314598',1004,,157,5,0,12 13 14 15,0
4029,'1314599',1104,,158,5,0,12 13 14 15,0
4029,'1314610',1904,,159,5,0,12 13 14 15,0
4029,'1314625',1404,,160,5,0,12 13 14 15,0
4029,'1314632',1804,,161,5,0,12 13 14 15,0
4029,'1314644',1304,,162,5,0,12 13 14 15,0
4029,'1314647',1104,,163,5,0,12 13 14 15,0
4029,'1314650',804,,164,5,0,12 13 14 15,0
4029,'1314675',1004,,165,5,0,12 13 14 15,0
4029,'1314695',1504,,166,5,0,12 13 14 15,0
4029,'1314708',1104,,167,5,0,12 13 14 15,0
4029,'1314716',1304,,168,5,0,12 13 14 15,0
