4029,'1314218',1215,,125,14,0,12 13 14 15,0
4029,'1314257',815,,126,14,0,12 13 14 15,0
4029,'1314280',715,,127,14,0,12 13 14 15,0
4029,'1314305',1615,,128,14,0,12 13 14 15,0
4029,'1314317',615,,129,14,0,12 13 14 15,0
4029,'1314347',915,,130,14,0,12 13 14 15,0
4029,'1314352',1015,,131,14,0,12 13 14 15,0
4029,'1314356',1719,,132,14,0,12 13 16 24,0
4029,'1314371',1715,,133,14,0,12 13 14 15,0
4029,'1314375',1515,,134,14,0,12 13 14 15,0
4029,'1314397',815,,135,14,0,12 13 14 15,0
4029,'1314401',1915,,136,14,0,12 13 14 15,0
4029,'1314406',1915,,137,14,0,12 13 14 15,0
4029,'1314426',1615,,138,14,0,12 13 14 15,0
4029,'1314449',2015,,139,14,0,12 13 14 15,0
4029,'1314455',1615,,140,14,0,12 13 14 15,0
4029,'1314456',1515,,141,14,0,12 13 14 15,0
4029,'1314457',715,,142,14,0,12 13 14 15,0
4029,'1314467',1415,,143,14,0,12 13 14 15,0
4029,'1314487',915,,144,14,0,12 13 14 15,0
4029,'1314490',1215,,145,14,0,12 13 14 15,0
4029,'1314494',2015,,146,14,0,12 13 14 15,0
4029,'1314503',1815,,147,14,0,12 13 14 15,0
4029,'1314506',2015,,148,14,0,12 13 14 15,0
4029,'1314521',915,,149,14,0,12 13 14 15,0
4029,'1314527',715,,150,14,0,12 13 14 15,0
4029,'1314528',1415,,151,14,0,12 13 14 15,0
4029,'1314529',615,,152,14,0,12 13 14 15,0
4029,'1314548',1315,,153,14,0,12 13 14 15,0
4029,'1314576',1715,,154,14,0,12 13 14 15,0
4029,'1314579',1819,,155,14,0,12 13 16 24,0
4029,'1314584',1215,,156,14,0,12 13 14 15,0
4029,'1314598',1015,,157,14,0,12 13 14 15,0
4029,'1314599',1115,,158,14,0,12 13 14 15,0
4029,'1314610',1915,,159,14,0,12 13 14 15,0
4029,'1314625',1415,,160,14,0,12 13 14 15,0
4029,'1314632',1815,,161,14,0,12 13 14 15,0
4029,'1314644',1315,,162,14,0,12 13 14 15,0
4029,'1314647',1115,,163,14,0,12 13 14 15,0
4029,'1314650',815,,164,14,0,12 13 14 15,0
4029,'1314675',1015,,165,14,0,12 13 14 15,0
4029,'1314695',1515,,166,14,0,12 13 14 15,0
4029,'1314708',1115,,167,14,0,12 13 14 15,0
4029,'1314716',1315,,168,14,0,12 13 14 15,0
