5019,'1314276',1808,,169,2,,,0
5019,'1480307',923,,170,2,0,5 6 7,0
5019,'1480308',1123,,171,2,0,5 6 7,0
5019,'1480309',1323,,172,2,0,5 6 7,0
5019,'1480310',1523,,173,2,0,5 6 7,0
5019,'1480311',1723,,174,2,0,5 6 7,0
5019,'1480312',823,,175,2,0,5 6 7,0
5019,'1480313',1023,,176,2,0,5 6 7,0
5019,'1480314',1223,,177,2,0,5 6 7,0
5019,'1480315',1423,,178,2,0,5 6 7,0
5019,'1480317',523,,179,2,0,5 6 7,0
5019,'1480318',623,,180,2,0,5 6 7,0
5019,'1486238',723,,181,2,0,5 6 7,0
5019,'1486239',1623,,182,2,0,5 6 7,0
