4029,'1314218',1206,,125,7,0,12 13 14 15,0
4029,'1314257',806,,126,7,0,12 13 14 15,0
4029,'1314280',706,,127,7,0,12 13 14 15,0
4029,'1314305',1606,,128,7,0,12 13 14 15,0
4029,'1314317',606,,129,7,0,12 13 14 15,0
4029,'1314347',906,,130,7,0,12 13 14 15,0
4029,'1314352',1006,,131,7,0,12 13 14 15,0
4029,'1314356',1710,,132,7,0,12 13 16 24,0
4029,'1314371',1706,,133,7,0,12 13 14 15,0
4029,'1314375',1506,,134,7,0,12 13 14 15,0
4029,'1314397',806,,135,7,0,12 13 14 15,0
4029,'1314401',1906,,136,7,0,12 13 14 15,0
4029,'1314406',1906,,137,7,0,12 13 14 15,0
4029,'1314426',1606,,138,7,0,12 13 14 15,0
4029,'1314449',2006,,139,7,0,12 13 14 15,0
4029,'1314455',1606,,140,7,0,12 13 14 15,0
4029,'1314456',1506,,141,7,0,12 13 14 15,0
4029,'1314457',706,,142,7,0,12 13 14 15,0
4029,'1314467',1406,,143,7,0,12 13 14 15,0
4029,'1314487',906,,144,7,0,12 13 14 15,0
4029,'1314490',1206,,145,7,0,12 13 14 15,0
4029,'1314494',2006,,146,7,0,12 13 14 15,0
4029,'1314503',1806,,147,7,0,12 13 14 15,0
4029,'1314506',2006,,148,7,0,12 13 14 15,0
4029,'1314521',906,,149,7,0,12 13 14 15,0
4029,'1314527',706,,150,7,0,12 13 14 15,0
4029,'1314528',1406,,151,7,0,12 13 14 15,0
4029,'1314529',606,,152,7,0,12 13 14 15,0
4029,'1314548',1306,,153,7,0,12 13 14 15,0
4029,'1314576',1706,,154,7,0,12 13 14 15,0
4029,'1314579',1810,,155,7,0,12 13 16 24,0
4029,'1314584',1206,,156,7,0,12 13 14 15,0
4029,'1314598',1006,,157,7,0,12 13 14 15,0
4029,'1314599',1106,,158,7,0,12 13 14 15,0
4029,'1314610',1906,,159,7,0,12 13 14 15,0
4029,'1314625',1406,,160,7,0,12 13 14 15,0
4029,'1314632',1806,,161,7,0,12 13 14 15,0
4029,'1314644',1306,,162,7,0,12 13 14 15,0
4029,'1314647',1106,,163,7,0,12 13 14 15,0
4029,'1314650',806,,164,7,0,12 13 14 15,0
4029,'1314675',1006,,165,7,0,12 13 14 15,0
4029,'1314695',1506,,166,7,0,12 13 14 15,0
4029,'1314708',1106,,167,7,0,12 13 14 15,0
4029,'1314716',1306,,168,7,0,12 13 14 15,0
