3019,'1489629',613,,55,6,,,0
3019,'1489630',713,,56,6,,,0
3019,'1489631',813,,57,6,,,0
3019,'1489632',913,,58,6,,,0
3019,'1489633',1013,,59,6,,,0
3019,'1489634',1113,,60,6,,,0
3019,'1489635',1213,,61,6,,,0
3019,'1489636',1313,,62,6,,,0
3019,'1489637',1413,,63,6,,,0
3019,'1489638',1513,,64,6,,,0
3019,'1489639',1613,,65,6,,,0
3019,'1489640',1713,,66,6,,,0
3019,'1489641',1813,,67,6,,,0
3029,'1489642',636,,68,6,,,0
3029,'1489643',736,,69,6,,,0
3029,'1489644',836,,70,6,,,0
3029,'1489645',936,,71,6,,,0
3029,'1489646',1036,,72,6,,,0
3029,'1489647',1136,,73,6,,,0
3029,'1489648',1236,,74,6,,,0
3029,'1489649',1336,,75,6,,,0
3029,'1489650',1436,,76,6,,,0
3029,'1489651',1536,,77,6,,,0
3029,'1489652',1636,,78,6,,,0
3029,'1489653',1736,,79,6,,,0
3029,'1489654',1836,,80,6,,,0
