3019,'1489629',612,,55,5,,,0
3019,'1489630',712,,56,5,,,0
3019,'1489631',812,,57,5,,,0
3019,'1489632',912,,58,5,,,0
3019,'1489633',1012,,59,5,,,0
3019,'1489634',1112,,60,5,,,0
3019,'1489635',1212,,61,5,,,0
3019,'1489636',1312,,62,5,,,0
3019,'1489637',1412,,63,5,,,0
3019,'1489638',1512,,64,5,,,0
3019,'1489639',1612,,65,5,,,0
3019,'1489640',1712,,66,5,,,0
3019,'1489641',1812,,67,5,,,0
3029,'1489642',635,,68,5,,,0
3029,'1489643',735,,69,5,,,0
3029,'1489644',835,,70,5,,,0
3029,'1489645',935,,71,5,,,0
3029,'1489646',1035,,72,5,,,0
3029,'1489647',1135,,73,5,,,0
3029,'1489648',1235,,74,5,,,0
3029,'1489649',1335,,75,5,,,0
3029,'1489650',1435,,76,5,,,0
3029,'1489651',1535,,77,5,,,0
3029,'1489652',1635,,78,5,,,0
3029,'1489653',1735,,79,5,,,0
3029,'1489654',1835,,80,5,,,0
