1029,'1314220',1520,,14,2,0,23,0
1029,'1314225',820,,15,2,0,23,0
1029,'1314259',1020,,16,2,0,23,0
1029,'1314304',1820,,17,2,0,23,0
1029,'1314306',920,,18,2,0,23,0
1029,'1314315',1220,,19,2,0,23,0
1029,'1314344',1620,,20,2,0,23,0
1029,'1314362',1120,,21,2,0,23,0
1029,'1314373',620,,22,2,0,23,0
1029,'1314398',1720,,23,2,0,23,0
1029,'1314557',720,,24,2,0,23,0
1029,'1314578',1420,,25,2,0,23,0
1029,'1314692',1320,,26,2,0,23,0
3019,'1489629',653,,55,10,4,,0
3019,'1489630',753,,56,10,4,,0
3019,'1489631',853,,57,10,4,,0
3019,'1489632',953,,58,10,4,,0
3019,'1489633',1053,,59,10,4,,0
3019,'1489634',1153,,60,10,4,,0
3019,'1489635',1253,,61,10,4,,0
3019,'1489636',1353,,62,10,4,,0
3019,'1489637',1453,,63,10,4,,0
3019,'1489638',1553,,64,10,4,,0
3019,'1489639',1653,,65,10,4,,0
3019,'1489640',1753,,66,10,4,,0
3019,'1489641',1853,,67,10,4,,0
3029,'1489642',600,,68,1,,,0
3029,'1489643',700,,69,1,,,0
3029,'1489644',800,,70,1,,,0
3029,'1489645',900,,71,1,,,0
3029,'1489646',1000,,72,1,,,0
3029,'1489647',1100,,73,1,,,0
3029,'1489648',1200,,74,1,,,0
3029,'1489649',1300,,75,1,,,0
3029,'1489650',1400,,76,1,,,0
3029,'1489651',1500,,77,1,,,0
3029,'1489652',1600,,78,1,,,0
3029,'1489653',1700,,79,1,,,0
3029,'1489654',1800,,80,1,,,0
