4029,'1314218',1202,,125,3,0,12 13 14 15,0
4029,'1314257',802,,126,3,0,12 13 14 15,0
4029,'1314280',702,,127,3,0,12 13 14 15,0
4029,'1314305',1602,,128,3,0,12 13 14 15,0
4029,'1314317',602,,129,3,0,12 13 14 15,0
4029,'1314347',902,,130,3,0,12 13 14 15,0
4029,'1314352',1002,,131,3,0,12 13 14 15,0
4029,'1314356',1702,,132,3,0,12 13 16 24,0
4029,'1314371',1702,,133,3,0,12 13 14 15,0
4029,'1314375',1502,,134,3,0,12 13 14 15,0
4029,'1314397',802,,135,3,0,12 13 14 15,0
4029,'1314401',1902,,136,3,0,12 13 14 15,0
4029,'1314406',1902,,137,3,0,12 13 14 15,0
4029,'1314426',1602,,138,3,0,12 13 14 15,0
4029,'1314449',2002,,139,3,0,12 13 14 15,0
4029,'1314455',1602,,140,3,0,12 13 14 15,0
4029,'1314456',1502,,141,3,0,12 13 14 15,0
4029,'1314457',702,,142,3,0,12 13 14 15,0
4029,'1314467',1402,,143,3,0,12 13 14 15,0
4029,'1314487',902,,144,3,0,12 13 14 15,0
4029,'1314490',1202,,145,3,0,12 13 14 15,0
4029,'1314494',2002,,146,3,0,12 13 14 15,0
4029,'1314503',1802,,147,3,0,12 13 14 15,0
4029,'1314506',2002,,148,3,0,12 13 14 15,0
4029,'1314521',902,,149,3,0,12 13 14 15,0
4029,'1314527',702,,150,3,0,12 13 14 15,0
4029,'1314528',1402,,151,3,0,12 13 14 15,0
4029,'1314529',602,,152,3,0,12 13 14 15,0
4029,'1314548',1302,,153,3,0,12 13 14 15,0
4029,'1314576',1702,,154,3,0,12 13 14 15,0
4029,'1314579',1802,,155,3,0,12 13 16 24,0
4029,'1314584',1202,,156,3,0,12 13 14 15,0
4029,'1314598',1002,,157,3,0,12 13 14 15,0
4029,'1314599',1102,,158,3,0,12 13 14 15,0
4029,'1314610',1902,,159,3,0,12 13 14 15,0
4029,'1314625',1402,,160,3,0,12 13 14 15,0
4029,'1314632',1802,,161,3,0,12 13 14 15,0
4029,'1314644',1302,,162,3,0,12 13 14 15,0
4029,'1314647',1102,,163,3,0,12 13 14 15,0
4029,'1314650',802,,164,3,0,12 13 14 15,0
4029,'1314675',1002,,165,3,0,12 13 14 15,0
4029,'1314695',1502,,166,3,0,12 13 14 15,0
4029,'1314708',1102,,167,3,0,12 13 14 15,0
4029,'1314716',1302,,168,3,0,12 13 14 15,0
