6019,'1314205',733,,196,7,0,20 21 22,0
6019,'1314209',1033,,197,7,0,20 21 22,0
6019,'1314232',1533,,198,7,0,20 21 22,0
6019,'1314288',1133,,199,7,0,20 21 22,0
6019,'1314314',833,,200,7,0,20 21 22,0
6019,'1314329',633,,201,7,0,20 21 22,0
6019,'1314480',1233,,202,7,0,20 21 22,0
6019,'1314483',933,,203,7,0,20 21 22,0
6019,'1314624',1733,,204,7,0,20 21 22,0
6019,'1314658',1833,,205,7,0,20 21 22,0
6019,'1314711',1333,,206,7,0,20 21 22,0
6019,'1314714',1633,,207,7,0,20 21 22,0
6019,'1340615',1433,,208,7,0,20 21 22,0
