1019,191,1,0,0
1019,190,2,0,0
1019,180,3,0,0
1019,171,4,0,0
1019,161,5,0,0
1019,151,6,0,0
1019,129,7,0,0
1019,121,8,0,0
1019,119,9,0,0
1019,111,10,0,0
1019,106,11,1,1
1029,106,1,0,0
1029,110,2,0,0
1029,118,3,0,0
1029,120,4,0,0
1029,128,5,0,0
1029,150,6,0,0
1029,160,7,0,0
1029,170,8,0,0
1029,180,9,0,0
1029,190,10,1,1
2019,280,1,0,0
2019,271,2,0,0
2019,260,3,0,0
2019,241,4,0,0
2019,231,5,0,0
2019,210,6,1,1
2029,210,1,0,0
2029,230,2,0,0
2029,240,3,0,0
2029,260,4,0,0
2029,270,5,0,0
2029,281,6,1,1
3019,370,1,0,0
3019,375,2,0,0
3019,380,3,0,0
3019,365,4,0,0
3019,350,5,0,0
3019,360,6,0,0
3019,330,7,0,0
3019,310,8,0,0
3019,106,9,0,0
3019,110,10,1,1
3029,110,1,0,0
3029,106,2,0,0
3029,310,3,0,0
3029,330,4,0,0
3029,350,5,0,0
3029,360,6,0,0
3029,366,7,0,0
3029,390,8,0,0
3029,376,9,0,0
3029,370,10,1,1
4019,281,1,0,0
4019,402,2,0,0
4019,404,3,0,0
4019,408,4,0,0
4019,412,5,0,0
4019,416,6,0,0
4019,420,7,0,0
4019,424,8,0,0
4019,428,9,0,0
4019,432,10,0,0
4019,436,11,0,0
4019,440,12,0,0
4019,444,13,0,0
4019,448,14,0,0
4019,452,15,0,0
4019,454,16,0,0
4019,456,17,0,0
4019,460,18,0,0
4019,464,19,0,0
4019,468,20,0,0
4019,472,21,0,0
4019,476,22,0,0
4019,480,23,1,1
4029,480,1,0,0
4029,477,2,0,0
4029,473,3,0,0
4029,469,4,0,0
4029,467,5,0,0
4029,465,6,0,0
4029,457,7,0,0
4029,455,8,0,0
4029,453,9,0,0
4029,449,10,0,0
4029,445,11,0,0
4029,441,12,0,0
4029,437,13,0,0
4029,433,14,0,0
4029,429,15,0,0
4029,425,16,0,0
4029,421,17,0,0
4029,417,18,0,0
4029,413,19,0,0
4029,409,20,0,0
4029,405,21,0,0
4029,401,22,0,0
4029,281,23,1,1
5019,500,1,0,0
5019,504,2,0,0
5019,508,3,0,0
5019,512,4,0,0
5019,520,5,0,0
5019,526,6,0,0
5019,530,7,0,0
5019,540,8,0,0
5019,592,9,0,0
5019,548,10,0,0
5019,550,11,0,0
5019,546,12,0,0
5019,554,13,0,0
5019,556,14,0,0
5019,558,15,0,0
5019,560,16,1,1
5029,560,1,0,0
5029,559,2,0,0
5029,557,3,0,0
5029,555,4,0,0
5029,551,5,0,0
5029,549,6,0,0
5029,547,7,0,0
5029,545,8,0,0
5029,543,9,0,0
5029,531,10,0,0
5029,527,11,0,0
5029,521,12,0,0
5029,512,13,0,0
5029,500,14,1,1
6019,670,1,0,0
6019,665,2,0,0
6019,661,3,0,0
6019,651,4,0,0
6019,641,5,0,0
6019,635,6,0,0
6019,631,7,0,0
6019,621,8,0,0
6019,611,9,0,0
6019,605,10,0,0
6019,600,11,1,1
6029,600,1,0,0
6029,604,2,0,0
6029,610,3,0,0
6029,620,4,0,0
6029,630,5,0,0
6029,636,6,0,0
6029,640,7,0,0
6029,650,8,0,0
6029,660,9,0,0
6029,664,10,0,0
6029,670,11,1,1
