4019,'1314201',1539,,81,9,0,16 17 18,0
4019,'1314204',839,,82,9,0,16 17 18,0
4019,'1314230',1039,,83,9,0,16 17 18,0
4019,'1314236',939,,84,9,0,16 17 18,0
4019,'1314237',939,,85,9,0,16 17 18,0
4019,'1314242',1739,,86,9,0,16 17 18,0
4019,'1314249',1739,,87,9,0,16 17 18,0
4019,'1314250',1539,,88,9,0,16 17 18,0
4019,'1314255',1339,,89,9,0,16 17 18,0
4019,'1314268',1839,,90,9,0,16 17 18,0
4019,'1314269',839,,91,9,0,16 17 18,0
4019,'1314279',839,,92,9,0,16 17 18,0
4019,'1314283',739,,93,9,0,16 17 18,0
4019,'1314316',1739,,94,9,0,16 17 18,0
4019,'1314322',2039,,95,9,0,16 17 18,0
4019,'1314326',1439,,96,9,0,16 17 18,0
4019,'1314338',639,,97,9,0,16 17 18,0
4019,'1314340',1639,,98,9,0,16 17 18,0
4019,'1314345',1939,,99,9,0,16 17 18,0
4019,'1314353',939,,100,9,0,16 17 18,0
4019,'1314372',1939,,101,9,0,16 17 18,0
4019,'1314433',1439,,102,9,0,16 17 18,0
4019,'1314441',1639,,103,9,0,16 17 18,0
4019,'1314443',2039,,104,9,0,16 17 18,0
4019,'1314448',1239,,105,9,0,16 17 18,0
4019,'1314485',1839,,106,9,0,16 17 18,0
4019,'1314488',739,,107,9,0,16 17 18,0
4019,'1314493',1839,,108,9,0,16 17 18,0
4019,'1314500',1339,,109,9,0,16 17 18,0
4019,'1314509',1239,,110,9,0,16 17 18,0
4019,'1314512',1139,,111,9,0,16 17 18,0
4019,'1314542',2039,,112,9,0,16 17 18,0
4019,'1314587',1139,,113,9,0,16 17 18,0
4019,'1314590',1439,,114,9,0,16 17 18,0
4019,'1314597',739,,115,9,0,16 17 18,0
4019,'1314606',1139,,116,9,0,16 17 18,0
4019,'1314615',1539,,117,9,0,16 17 18,0
4019,'1314633',1239,,118,9,0,16 17 18,0
4019,'1314662',1039,,119,9,0,16 17 18,0
4019,'1314667',1339,,120,9,0,16 17 18,0
4019,'1314670',1939,,121,9,0,16 17 18,0
4019,'1314689',639,,122,9,0,16 17 18,0
4019,'1314699',1039,,123,9,0,16 17 18,0
4019,'1314709',1639,,124,9,0,16 17 18,0
