1019,'1314193',1256,,1,11,4,,0
1019,'1314196',1356,,2,11,4,,0
1019,'1314228',856,,3,11,4,,0
1019,'1314323',956,,4,11,4,,0
1019,'1314341',1056,,5,11,4,,0
1019,'1314343',1756,,6,11,4,,0
1019,'1314358',1556,,7,11,4,,0
1019,'1314400',1856,,8,11,4,,0
1019,'1314535',1456,,9,11,4,,0
1019,'1314575',1656,,10,11,4,,0
1019,'1314656',1156,,11,11,4,,0
1019,'1492501',656,,12,11,4,,0
1019,'1492502',756,,13,11,4,,0
1029,'1314220',1515,,14,1,0,23,0
1029,'1314225',815,,15,1,0,23,0
1029,'1314259',1015,,16,1,0,23,0
1029,'1314304',1815,,17,1,0,23,0
1029,'1314306',915,,18,1,0,23,0
1029,'1314315',1215,,19,1,0,23,0
1029,'1314344',1615,,20,1,0,23,0
1029,'1314362',1115,,21,1,0,23,0
1029,'1314373',615,,22,1,0,23,0
1029,'1314398',1715,,23,1,0,23,0
1029,'1314557',715,,24,1,0,23,0
1029,'1314578',1415,,25,1,0,23,0
1029,'1314692',1315,,26,1,0,23,0
3019,'1489629',650,,55,9,,,0
3019,'1489630',750,,56,9,,,0
3019,'1489631',850,,57,9,,,0
3019,'1489632',950,,58,9,,,0
3019,'1489633',1050,,59,9,,,0
3019,'1489634',1150,,60,9,,,0
3019,'1489635',1250,,61,9,,,0
3019,'1489636',1350,,62,9,,,0
3019,'1489637',1450,,63,9,,,0
3019,'1489638',1550,,64,9,,,0
3019,'1489639',1650,,65,9,,,0
3019,'1489640',1750,,66,9,,,0
3019,'1489641',1850,,67,9,,,0
3029,'1489642',605,,68,2,,,0
3029,'1489643',705,,69,2,,,0
3029,'1489644',805,,70,2,,,0
3029,'1489645',905,,71,2,,,0
3029,'1489646',1005,,72,2,,,0
3029,'1489647',1105,,73,2,,,0
3029,'1489648',1205,,74,2,,,0
3029,'1489649',1305,,75,2,,,0
3029,'1489650',1405,,76,2,,,0
3029,'1489651',1505,,77,2,,,0
3029,'1489652',1605,,78,2,,,0
3029,'1489653',1705,,79,2,,,0
3029,'1489654',1805,,80,2,,,0
