4019,'1314201',1537,,81,6,0,16 17 18,0
4019,'1314204',837,,82,6,0,16 17 18,0
4019,'1314230',1037,,83,6,0,16 17 18,0
4019,'1314236',937,,84,6,0,16 17 18,0
4019,'1314237',937,,85,6,0,16 17 18,0
4019,'1314242',1737,,86,6,0,16 17 18,0
4019,'1314249',1737,,87,6,0,16 17 18,0
4019,'1314250',1537,,88,6,0,16 17 18,0
4019,'1314255',1337,,89,6,0,16 17 18,0
4019,'1314268',1837,,90,6,0,16 17 18,0
4019,'1314269',837,,91,6,0,16 17 18,0
4019,'1314279',837,,92,6,0,16 17 18,0
4019,'1314283',737,,93,6,0,16 17 18,0
4019,'1314316',1737,,94,6,0,16 17 18,0
4019,'1314322',2037,,95,6,0,16 17 18,0
4019,'1314326',1437,,96,6,0,16 17 18,0
4019,'1314338',637,,97,6,0,16 17 18,0
4019,'1314340',1637,,98,6,0,16 17 18,0
4019,'1314345',1937,,99,6,0,16 17 18,0
4019,'1314353',937,,100,6,0,16 17 18,0
4019,'1314372',1937,,101,6,0,16 17 18,0
4019,'1314433',1437,,102,6,0,16 17 18,0
4019,'1314441',1637,,103,6,0,16 17 18,0
4019,'1314443',2037,,104,6,0,16 17 18,0
4019,'1314448',1237,,105,6,0,16 17 18,0
4019,'1314485',1837,,106,6,0,16 17 18,0
4019,'1314488',737,,107,6,0,16 17 18,0
4019,'1314493',1837,,108,6,0,16 17 18,0
4019,'1314500',1337,,109,6,0,16 17 18,0
4019,'1314509',1237,,110,6,0,16 17 18,0
4019,'1314512',1137,,111,6,0,16 17 18,0
4019,'1314542',2037,,112,6,0,16 17 18,0
4019,'1314587',1137,,113,6,0,16 17 18,0
4019,'1314590',1437,,114,6,0,16 17 18,0
4019,'1314597',737,,115,6,0,16 17 18,0
4019,'1314606',1137,,116,6,0,16 17 18,0
4019,'1314615',1537,,117,6,0,16 17 18,0
4019,'1314633',1237,,118,6,0,16 17 18,0
4019,'1314662',1037,,119,6,0,16 17 18,0
4019,'1314667',1337,,120,6,0,16 17 18,0
4019,'1314670',1937,,121,6,0,16 17 18,0
4019,'1314689',637,,122,6,0,16 17 18,0
4019,'1314699',1037,,123,6,0,16 17 18,0
4019,'1314709',1637,,124,6,0,16 17 18,0
