3019,'1489629',644,,55,8,,,0
3019,'1489630',744,,56,8,,,0
3019,'1489631',844,,57,8,,,0
3019,'1489632',944,,58,8,,,0
3019,'1489633',1044,,59,8,,,0
3019,'1489634',1144,,60,8,,,0
3019,'1489635',1244,,61,8,,,0
3019,'1489636',1344,,62,8,,,0
3019,'1489637',1444,,63,8,,,0
3019,'1489638',1544,,64,8,,,0
3019,'1489639',1644,,65,8,,,0
3019,'1489640',1744,,66,8,,,0
3019,'1489641',1844,,67,8,,,0
3029,'1489642',611,,68,3,,,0
3029,'1489643',711,,69,3,,,0
3029,'1489644',811,,70,3,,,0
3029,'1489645',911,,71,3,,,0
3029,'1489646',1011,,72,3,,,0
3029,'1489647',1111,,73,3,,,0
3029,'1489648',1211,,74,3,,,0
3029,'1489649',1311,,75,3,,,0
3029,'1489650',1411,,76,3,,,0
3029,'1489651',1511,,77,3,,,0
3029,'1489652',1611,,78,3,,,0
3029,'1489653',1711,,79,3,,,0
3029,'1489654',1811,,80,3,,,0
