5019,'1480307',1013,,170,16,4,,0
5019,'1480308',1213,,171,16,4,,0
5019,'1480309',1413,,172,16,4,,0
5019,'1480310',1613,,173,16,4,,0
5019,'1480311',1813,,174,16,4,,0
5019,'1480312',913,,175,16,4,,0
5019,'1480313',1113,,176,16,4,,0
5019,'1480314',1313,,177,16,4,,0
5019,'1480315',1513,,178,16,4,,0
5019,'1480317',613,,179,16,4,,0
5019,'1480318',713,,180,16,4,,0
5019,'1486238',813,,181,16,4,,0
5019,'1486239',1713,,182,16,4,,0
5029,'1373808',1720,,183,1,0,8 9 10 11,0
5029,'1373811',720,,184,1,0,8 9 10 11,0
5029,'1373814',520,,185,1,0,8 9 10 11,0
5029,'1373836',1120,,186,1,0,8 9 10 11,0
5029,'1373848',1520,,187,1,0,8 9 10 11,0
5029,'1373861',1420,,188,1,0,8 9 10 11,0
5029,'1373869',1320,,189,1,0,8 9 10 11,0
5029,'1373870',1620,,190,1,0,8 9 10 11,0
5029,'1373872',920,,191,1,0,8 9 10 11,0
5029,'1373879',820,,192,1,0,8 9 10 11,0
5029,'1373947',1220,,193,1,0,8 9 10 11,0
5029,'1373953',1020,,194,1,0,8 9 10 11,0
5029,'1379492',620,,195,1,0,8 9 10 11,0
