4019,'1314201',1552,,81,20,0,16 17 18,0
4019,'1314204',852,,82,20,0,16 17 18,0
4019,'1314230',1052,,83,20,0,16 17 18,0
4019,'1314236',952,,84,20,0,16 17 18,0
4019,'1314237',952,,85,20,0,16 17 18,0
4019,'1314242',1752,,86,20,0,16 17 18,0
4019,'1314249',1752,,87,20,0,16 17 18,0
4019,'1314250',1552,,88,20,0,16 17 18,0
4019,'1314255',1352,,89,20,0,16 17 18,0
4019,'1314268',1852,,90,20,0,16 17 18,0
4019,'1314269',852,,91,20,0,16 17 18,0
4019,'1314279',852,,92,20,0,16 17 18,0
4019,'1314283',752,,93,20,0,16 17 18,0
4019,'1314316',1752,,94,20,0,16 17 18,0
4019,'1314322',2052,,95,20,0,16 17 18,0
4019,'1314326',1452,,96,20,0,16 17 18,0
4019,'1314338',652,,97,20,0,16 17 18,0
4019,'1314340',1652,,98,20,0,16 17 18,0
4019,'1314345',1952,,99,20,0,16 17 18,0
4019,'1314353',952,,100,20,0,16 17 18,0
4019,'1314372',1952,,101,20,0,16 17 18,0
4019,'1314433',1452,,102,20,0,16 17 18,0
4019,'1314441',1652,,103,20,0,16 17 18,0
4019,'1314443',2052,,104,20,0,16 17 18,0
4019,'1314448',1252,,105,20,0,16 17 18,0
4019,'1314485',1852,,106,20,0,16 17 18,0
4019,'1314488',752,,107,20,0,16 17 18,0
4019,'1314493',1852,,108,20,0,16 17 18,0
4019,'1314500',1352,,109,20,0,16 17 18,0
4019,'1314509',1252,,110,20,0,16 17 18,0
4019,'1314512',1152,,111,20,0,16 17 18,0
4019,'1314542',2052,,112,20,0,16 17 18,0
4019,'1314587',1152,,113,20,0,16 17 18,0
4019,'1314590',1452,,114,20,0,16 17 18,0
4019,'1314597',752,,115,20,0,16 17 18,0
4019,'1314606',1152,,116,20,0,16 17 18,0
4019,'1314615',1552,,117,20,0,16 17 18,0
4019,'1314633',1252,,118,20,0,16 17 18,0
4019,'1314662',1052,,119,20,0,16 17 18,0
4019,'1314667',1352,,120,20,0,16 17 18,0
4019,'1314670',1952,,121,20,0,16 17 18,0
4019,'1314689',652,,122,20,0,16 17 18,0
4019,'1314699',1052,,123,20,0,16 17 18,0
4019,'1314709',1652,,124,20,0,16 17 18,0
