4029,'1314218',1205,,125,6,0,12 13 14 15,0
4029,'1314257',805,,126,6,0,12 13 14 15,0
4029,'1314280',705,,127,6,0,12 13 14 15,0
4029,'1314305',1605,,128,6,0,12 13 14 15,0
4029,'1314317',605,,129,6,0,12 13 14 15,0
4029,'1314347',905,,130,6,0,12 13 14 15,0
4029,'1314352',1005,,131,6,0,12 13 14 15,0
4029,'1314356',1709,,132,6,0,12 13 16 24,0
4029,'1314371',1705,,133,6,0,12 13 14 15,0
4029,'1314375',1505,,134,6,0,12 13 14 15,0
4029,'1314397',805,,135,6,0,12 13 14 15,0
4029,'1314401',1905,,136,6,0,12 13 14 15,0
4029,'1314406',1905,,137,6,0,12 13 14 15,0
4029,'1314426',1605,,138,6,0,12 13 14 15,0
4029,'1314449',2005,,139,6,0,12 13 14 15,0
4029,'1314455',1605,,140,6,0,12 13 14 15,0
4029,'1314456',1505,,141,6,0,12 13 14 15,0
4029,'1314457',705,,142,6,0,12 13 14 15,0
4029,'1314467',1405,,143,6,0,12 13 14 15,0
4029,'1314487',905,,144,6,0,12 13 14 15,0
4029,'1314490',1205,,145,6,0,12 13 14 15,0
4029,'1314494',2005,,146,6,0,12 13 14 15,0
4029,'1314503',1805,,147,6,0,12 13 14 15,0
4029,'1314506',2005,,148,6,0,12 13 14 15,0
4029,'1314521',905,,149,6,0,12 13 14 15,0
4029,'1314527',705,,150,6,0,12 13 14 15,0
4029,'1314528',1405,,151,6,0,12 13 14 15,0
4029,'1314529',605,,152,6,0,12 13 14 15,0
4029,'1314548',1305,,153,6,0,12 13 14 15,0
4029,'1314576',1705,,154,6,0,12 13 14 15,0
4029,'1314579',1809,,155,6,0,12 13 16 24,0
4029,'1314584',1205,,156,6,0,12 13 14 15,0
4029,'1314598',1005,,157,6,0,12 13 14 15,0
4029,'1314599',1105,,158,6,0,12 13 14 15,0
4029,'1314610',1905,,159,6,0,12 13 14 15,0
4029,'1314625',1405,,160,6,0,12 13 14 15,0
4029,'1314632',1805,,161,6,0,12 13 14 15,0
4029,'1314644',1305,,162,6,0,12 13 14 15,0
4029,'1314647',1105,,163,6,0,12 13 14 15,0
4029,'1314650',805,,164,6,0,12 13 14 15,0
4029,'1314675',1005,,165,6,0,12 13 14 15,0
4029,'1314695',1505,,166,6,0,12 13 14 15,0
4029,'1314708',1105,,167,6,0,12 13 14 15,0
4029,'1314716',1305,,168,6,0,12 13 14 15,0
