4019,'1314201',1555,,81,23,4,,0
4019,'1314204',855,,82,23,4,,0
4019,'1314230',1055,,83,23,4,,0
4019,'1314236',955,,84,23,4,,0
4019,'1314237',955,,85,23,4,,0
4019,'1314242',1755,,86,23,4,,0
4019,'1314249',1755,,87,23,4,,0
4019,'1314250',1555,,88,23,4,,0
4019,'1314255',1355,,89,23,4,,0
4019,'1314268',1855,,90,23,4,,0
4019,'1314269',855,,91,23,4,,0
4019,'1314279',855,,92,23,4,,0
4019,'1314283',755,,93,23,4,,0
4019,'1314316',1755,,94,23,4,,0
4019,'1314322',2055,,95,23,4,,0
4019,'1314326',1455,,96,23,4,,0
4019,'1314338',655,,97,23,4,,0
4019,'1314340',1655,,98,23,4,,0
4019,'1314345',1955,,99,23,4,,0
4019,'1314353',955,,100,23,4,,0
4019,'1314372',1955,,101,23,4,,0
4019,'1314433',1455,,102,23,4,,0
4019,'1314441',1655,,103,23,4,,0
4019,'1314443',2055,,104,23,4,,0
4019,'1314448',1255,,105,23,4,,0
4019,'1314485',1855,,106,23,4,,0
4019,'1314488',755,,107,23,4,,0
4019,'1314493',1855,,108,23,4,,0
4019,'1314500',1355,,109,23,4,,0
4019,'1314509',1255,,110,23,4,,0
4019,'1314512',1155,,111,23,4,,0
4019,'1314542',2055,,112,23,4,,0
4019,'1314587',1155,,113,23,4,,0
4019,'1314590',1455,,114,23,4,,0
4019,'1314597',755,,115,23,4,,0
4019,'1314606',1155,,116,23,4,,0
4019,'1314615',1555,,117,23,4,,0
4019,'1314633',1255,,118,23,4,,0
4019,'1314662',1055,,119,23,4,,0
4019,'1314667',1355,,120,23,4,,0
4019,'1314670',1955,,121,23,4,,0
4019,'1314689',655,,122,23,4,,0
4019,'1314699',1055,,123,23,4,,0
4019,'1314709',1655,,124,23,4,,0
4029,'1314218',1200,,125,1,0,12 13 14 15,0
4029,'1314257',800,,126,1,0,12 13 14 15,0
4029,'1314280',700,,127,1,0,12 13 14 15,0
4029,'1314305',1600,,128,1,0,12 13 14 15,0
4029,'1314317',600,,129,1,0,12 13 14 15,0
4029,'1314347',900,,130,1,0,12 13 14 15,0
4029,'1314352',1000,,131,1,0,12 13 14 15,0
4029,'1314356',1700,,132,1,0,12 13 16 24,0
4029,'1314371',1700,,133,1,0,12 13 14 15,0
4029,'1314375',1500,,134,1,0,12 13 14 15,0
4029,'1314397',800,,135,1,0,12 13 14 15,0
4029,'1314401',1900,,136,1,0,12 13 14 15,0
4029,'1314406',1900,,137,1,0,12 13 14 15,0
4029,'1314426',1600,,138,1,0,12 13 14 15,0
4029,'1314449',2000,,139,1,0,12 13 14 15,0
4029,'1314455',1600,,140,1,0,12 13 14 15,0
4029,'1314456',1500,,141,1,0,12 13 14 15,0
4029,'1314457',700,,142,1,0,12 13 14 15,0
4029,'1314467',1400,,143,1,0,12 13 14 15,0
4029,'1314487',900,,144,1,0,12 13 14 15,0
4029,'1314490',1200,,145,1,0,12 13 14 15,0
4029,'1314494',2000,,146,1,0,12 13 14 15,0
4029,'1314503',1800,,147,1,0,12 13 14 15,0
4029,'1314506',2000,,148,1,0,12 13 14 15,0
4029,'1314521',900,,149,1,0,12 13 14 15,0
4029,'1314527',700,,150,1,0,12 13 14 15,0
4029,'1314528',1400,,151,1,0,12 13 14 15,0
4029,'1314529',600,,152,1,0,12 13 14 15,0
4029,'1314548',1300,,153,1,0,12 13 14 15,0
4029,'1314576',1700,,154,1,0,12 13 14 15,0
4029,'1314579',1800,,155,1,0,12 13 16 24,0
4029,'1314584',1200,,156,1,0,12 13 14 15,0
4029,'1314598',1000,,157,1,0,12 13 14 15,0
4029,'1314599',1100,,158,1,0,12 13 14 15,0
4029,'1314610',1900,,159,1,0,12 13 14 15,0
4029,'1314625',1400,,160,1,0,12 13 14 15,0
4029,'1314632',1800,,161,1,0,12 13 14 15,0
4029,'1314644',1300,,162,1,0,12 13 14 15,0
4029,'1314647',1100,,163,1,0,12 13 14 15,0
4029,'1314650',800,,164,1,0,12 13 14 15,0
4029,'1314675',1000,,165,1,0,12 13 14 15,0
4029,'1314695',1500,,166,1,0,12 13 14 15,0
4029,'1314708',1100,,167,1,0,12 13 14 15,0
4029,'1314716',1300,,168,1,0,12 13 14 15,0
