5029,'1373808',1728,,183,7,0,8 9 10 11,0
5029,'1373811',728,,184,7,0,8 9 10 11,0
5029,'1373814',528,,185,7,0,8 9 10 11,0
5029,'1373836',1128,,186,7,0,8 9 10 11,0
5029,'1373848',1528,,187,7,0,8 9 10 11,0
5029,'1373861',1428,,188,7,0,8 9 10 11,0
5029,'1373869',1328,,189,7,0,8 9 10 11,0
5029,'1373870',1628,,190,7,0,8 9 10 11,0
5029,'1373872',928,,191,7,0,8 9 10 11,0
5029,'1373879',828,,192,7,0,8 9 10 11,0
5029,'1373947',1228,,193,7,0,8 9 10 11,0
5029,'1373953',1028,,194,7,0,8 9 10 11,0
5029,'1379492',628,,195,7,0,8 9 10 11,0
