4019,'1314201',1534,,81,3,0,16 17 18,0
4019,'1314204',834,,82,3,0,16 17 18,0
4019,'1314230',1034,,83,3,0,16 17 18,0
4019,'1314236',934,,84,3,0,16 17 18,0
4019,'1314237',934,,85,3,0,16 17 18,0
4019,'1314242',1734,,86,3,0,16 17 18,0
4019,'1314249',1734,,87,3,0,16 17 18,0
4019,'1314250',1534,,88,3,0,16 17 18,0
4019,'1314255',1334,,89,3,0,16 17 18,0
4019,'1314268',1834,,90,3,0,16 17 18,0
4019,'1314269',834,,91,3,0,16 17 18,0
4019,'1314279',834,,92,3,0,16 17 18,0
4019,'1314283',734,,93,3,0,16 17 18,0
4019,'1314316',1734,,94,3,0,16 17 18,0
4019,'1314322',2034,,95,3,0,16 17 18,0
4019,'1314326',1434,,96,3,0,16 17 18,0
4019,'1314338',634,,97,3,0,16 17 18,0
4019,'1314340',1634,,98,3,0,16 17 18,0
4019,'1314345',1934,,99,3,0,16 17 18,0
4019,'1314353',934,,100,3,0,16 17 18,0
4019,'1314372',1934,,101,3,0,16 17 18,0
4019,'1314433',1434,,102,3,0,16 17 18,0
4019,'1314441',1634,,103,3,0,16 17 18,0
4019,'1314443',2034,,104,3,0,16 17 18,0
4019,'1314448',1234,,105,3,0,16 17 18,0
4019,'1314485',1834,,106,3,0,16 17 18,0
4019,'1314488',734,,107,3,0,16 17 18,0
4019,'1314493',1834,,108,3,0,16 17 18,0
4019,'1314500',1334,,109,3,0,16 17 18,0
4019,'1314509',1234,,110,3,0,16 17 18,0
4019,'1314512',1134,,111,3,0,16 17 18,0
4019,'1314542',2034,,112,3,0,16 17 18,0
4019,'1314587',1134,,113,3,0,16 17 18,0
4019,'1314590',1434,,114,3,0,16 17 18,0
4019,'1314597',734,,115,3,0,16 17 18,0
4019,'1314606',1134,,116,3,0,16 17 18,0
4019,'1314615',1534,,117,3,0,16 17 18,0
4019,'1314633',1234,,118,3,0,16 17 18,0
4019,'1314662',1034,,119,3,0,16 17 18,0
4019,'1314667',1334,,120,3,0,16 17 18,0
4019,'1314670',1934,,121,3,0,16 17 18,0
4019,'1314689',634,,122,3,0,16 17 18,0
4019,'1314699',1034,,123,3,0,16 17 18,0
4019,'1314709',1634,,124,3,0,16 17 18,0
