4029,'1314218',1212,,125,10,0,12 13 14 15,0
4029,'1314257',812,,126,10,0,12 13 14 15,0
4029,'1314280',712,,127,10,0,12 13 14 15,0
4029,'1314305',1612,,128,10,0,12 13 14 15,0
4029,'1314317',612,,129,10,0,12 13 14 15,0
4029,'1314347',912,,130,10,0,12 13 14 15,0
4029,'1314352',1012,,131,10,0,12 13 14 15,0
4029,'1314356',1716,,132,10,0,12 13 16 24,0
4029,'1314371',1712,,133,10,0,12 13 14 15,0
4029,'1314375',1512,,134,10,0,12 13 14 15,0
4029,'1314397',812,,135,10,0,12 13 14 15,0
4029,'1314401',1912,,136,10,0,12 13 14 15,0
4029,'1314406',1912,,137,10,0,12 13 14 15,0
4029,'1314426',1612,,138,10,0,12 13 14 15,0
4029,'1314449',2012,,139,10,0,12 13 14 15,0
4029,'1314455',1612,,140,10,0,12 13 14 15,0
4029,'1314456',1512,,141,10,0,12 13 14 15,0
4029,'1314457',712,,142,10,0,12 13 14 15,0
4029,'1314467',1412,,143,10,0,12 13 14 15,0
4029,'1314487',912,,144,10,0,12 13 14 15,0
4029,'1314490',1212,,145,10,0,12 13 14 15,0
4029,'1314494',2012,,146,10,0,12 13 14 15,0
4029,'1314503',1812,,147,10,0,12 13 14 15,0
4029,'1314506',2012,,148,10,0,12 13 14 15,0
4029,'1314521',912,,149,10,0,12 13 14 15,0
4029,'1314527',712,,150,10,0,12 13 14 15,0
4029,'1314528',1412,,151,10,0,12 13 14 15,0
4029,'1314529',612,,152,10,0,12 13 14 15,0
4029,'1314548',1312,,153,10,0,12 13 14 15,0
4029,'1314576',1712,,154,10,0,12 13 14 15,0
4029,'1314579',1816,,155,10,0,12 13 16 24,0
4029,'1314584',1212,,156,10,0,12 13 14 15,0
4029,'1314598',1012,,157,10,0,12 13 14 15,0
4029,'1314599',1112,,158,10,0,12 13 14 15,0
4029,'1314610',1912,,159,10,0,12 13 14 15,0
4029,'1314625',1412,,160,10,0,12 13 14 15,0
4029,'1314632',1812,,161,10,0,12 13 14 15,0
4029,'1314644',1312,,162,10,0,12 13 14 15,0
4029,'1314647',1112,,163,10,0,12 13 14 15,0
4029,'1314650',812,,164,10,0,12 13 14 15,0
4029,'1314675',1012,,165,10,0,12 13 14 15,0
4029,'1314695',1512,,166,10,0,12 13 14 15,0
4029,'1314708',1112,,167,10,0,12 13 14 15,0
4029,'1314716',1312,,168,10,0,12 13 14 15,0
