2019,'1314282',1041,,27,3,,,0
2019,'1314324',1541,,28,3,,,0
2019,'1314333',1641,,29,3,,,0
2019,'1314351',1241,,30,3,,,0
2019,'1314367',641,,31,3,,,0
2019,'1314431',741,,32,3,,,0
2019,'1314526',1341,,33,3,,,0
2019,'1314534',541,,34,3,,,0
2019,'1314609',1441,,35,3,,,0
2019,'1314649',1841,,36,3,,,0
2019,'1314664',1141,,37,3,,,0
2019,'1314668',1741,,38,3,,,0
2019,'1314673',941,,39,3,,,0
2019,'1314684',841,,40,3,,,0
2029,'1314233',1313,,41,4,0,12 13 14 15,0
2029,'1314234',1013,,42,4,0,12 13 14 15,0
2029,'1314272',1213,,43,4,0,12 13 14 15,0
2029,'1314302',1413,,44,4,0,12 13 14 15,0
2029,'1314339',1613,,45,4,0,12 13 14 15,0
2029,'1314350',1513,,46,4,0,12 13 14 15,0
2029,'1314439',813,,47,4,0,12 13 14 15,0
2029,'1314471',613,,48,4,0,12 13 14 15,0
2029,'1314507',1713,,49,4,0,12 13 14 15,0
2029,'1314531',1113,,50,4,0,12 13 14 15,0
2029,'1314538',713,,51,4,0,12 13 14 15,0
2029,'1314549',913,,52,4,0,12 13 14 15,0
2029,'1314618',1913,,53,4,0,12 13 14 15,0
2029,'1314637',1813,,54,4,0,12 13 14 15,0
