6019,'1314205',715,,196,4,0,20 21 22,0
6019,'1314209',1015,,197,4,0,20 21 22,0
6019,'1314232',1515,,198,4,0,20 21 22,0
6019,'1314288',1115,,199,4,0,20 21 22,0
6019,'1314314',815,,200,4,0,20 21 22,0
6019,'1314329',615,,201,4,0,20 21 22,0
6019,'1314480',1215,,202,4,0,20 21 22,0
6019,'1314483',915,,203,4,0,20 21 22,0
6019,'1314624',1715,,204,4,0,20 21 22,0
6019,'1314658',1815,,205,4,0,20 21 22,0
6019,'1314711',1315,,206,4,0,20 21 22,0
6019,'1314714',1615,,207,4,0,20 21 22,0
6019,'1340615',1415,,208,4,0,20 21 22,0
