6019,'1314205',705,,196,3,0,20 21 22,0
6019,'1314209',1005,,197,3,0,20 21 22,0
6019,'1314232',1505,,198,3,0,20 21 22,0
6019,'1314288',1105,,199,3,0,20 21 22,0
6019,'1314314',805,,200,3,0,20 21 22,0
6019,'1314329',605,,201,3,0,20 21 22,0
6019,'1314480',1205,,202,3,0,20 21 22,0
6019,'1314483',905,,203,3,0,20 21 22,0
6019,'1314624',1705,,204,3,0,20 21 22,0
6019,'1314658',1805,,205,3,0,20 21 22,0
6019,'1314711',1305,,206,3,0,20 21 22,0
6019,'1314714',1605,,207,3,0,20 21 22,0
6019,'1340615',1405,,208,3,0,20 21 22,0
