5029,'1373808',1725,,183,5,0,8 9 10 11,0
5029,'1373811',725,,184,5,0,8 9 10 11,0
5029,'1373814',525,,185,5,0,8 9 10 11,0
5029,'1373836',1125,,186,5,0,8 9 10 11,0
5029,'1373848',1525,,187,5,0,8 9 10 11,0
5029,'1373861',1425,,188,5,0,8 9 10 11,0
5029,'1373869',1325,,189,5,0,8 9 10 11,0
5029,'1373870',1625,,190,5,0,8 9 10 11,0
5029,'1373872',925,,191,5,0,8 9 10 11,0
5029,'1373879',825,,192,5,0,8 9 10 11,0
5029,'1373947',1225,,193,5,0,8 9 10 11,0
5029,'1373953',1025,,194,5,0,8 9 10 11,0
5029,'1379492',625,,195,5,0,8 9 10 11,0
