4019,'1314201',1539,,81,8,0,16 17 18,0
4019,'1314204',839,,82,8,0,16 17 18,0
4019,'1314230',1039,,83,8,0,16 17 18,0
4019,'1314236',939,,84,8,0,16 17 18,0
4019,'1314237',939,,85,8,0,16 17 18,0
4019,'1314242',1739,,86,8,0,16 17 18,0
4019,'1314249',1739,,87,8,0,16 17 18,0
4019,'1314250',1539,,88,8,0,16 17 18,0
4019,'1314255',1339,,89,8,0,16 17 18,0
4019,'1314268',1839,,90,8,0,16 17 18,0
4019,'1314269',839,,91,8,0,16 17 18,0
4019,'1314279',839,,92,8,0,16 17 18,0
4019,'1314283',739,,93,8,0,16 17 18,0
4019,'1314316',1739,,94,8,0,16 17 18,0
4019,'1314322',2039,,95,8,0,16 17 18,0
4019,'1314326',1439,,96,8,0,16 17 18,0
4019,'1314338',639,,97,8,0,16 17 18,0
4019,'1314340',1639,,98,8,0,16 17 18,0
4019,'1314345',1939,,99,8,0,16 17 18,0
4019,'1314353',939,,100,8,0,16 17 18,0
4019,'1314372',1939,,101,8,0,16 17 18,0
4019,'1314433',1439,,102,8,0,16 17 18,0
4019,'1314441',1639,,103,8,0,16 17 18,0
4019,'1314443',2039,,104,8,0,16 17 18,0
4019,'1314448',1239,,105,8,0,16 17 18,0
4019,'1314485',1839,,106,8,0,16 17 18,0
4019,'1314488',739,,107,8,0,16 17 18,0
4019,'1314493',1839,,108,8,0,16 17 18,0
4019,'1314500',1339,,109,8,0,16 17 18,0
4019,'1314509',1239,,110,8,0,16 17 18,0
4019,'1314512',1139,,111,8,0,16 17 18,0
4019,'1314542',2039,,112,8,0,16 17 18,0
4019,'1314587',1139,,113,8,0,16 17 18,0
4019,'1314590',1439,,114,8,0,16 17 18,0
4019,'1314597',739,,115,8,0,16 17 18,0
4019,'1314606',1139,,116,8,0,16 17 18,0
4019,'1314615',1539,,117,8,0,16 17 18,0
4019,'1314633',1239,,118,8,0,16 17 18,0
4019,'1314662',1039,,119,8,0,16 17 18,0
4019,'1314667',1339,,120,8,0,16 17 18,0
4019,'1314670',1939,,121,8,0,16 17 18,0
4019,'1314689',639,,122,8,0,16 17 18,0
4019,'1314699',1039,,123,8,0,16 17 18,0
4019,'1314709',1639,,124,8,0,16 17 18,0
