4019,'1314201',1535,,81,4,0,16 17 18,0
4019,'1314204',835,,82,4,0,16 17 18,0
4019,'1314230',1035,,83,4,0,16 17 18,0
4019,'1314236',935,,84,4,0,16 17 18,0
4019,'1314237',935,,85,4,0,16 17 18,0
4019,'1314242',1735,,86,4,0,16 17 18,0
4019,'1314249',1735,,87,4,0,16 17 18,0
4019,'1314250',1535,,88,4,0,16 17 18,0
4019,'1314255',1335,,89,4,0,16 17 18,0
4019,'1314268',1835,,90,4,0,16 17 18,0
4019,'1314269',835,,91,4,0,16 17 18,0
4019,'1314279',835,,92,4,0,16 17 18,0
4019,'1314283',735,,93,4,0,16 17 18,0
4019,'1314316',1735,,94,4,0,16 17 18,0
4019,'1314322',2035,,95,4,0,16 17 18,0
4019,'1314326',1435,,96,4,0,16 17 18,0
4019,'1314338',635,,97,4,0,16 17 18,0
4019,'1314340',1635,,98,4,0,16 17 18,0
4019,'1314345',1935,,99,4,0,16 17 18,0
4019,'1314353',935,,100,4,0,16 17 18,0
4019,'1314372',1935,,101,4,0,16 17 18,0
4019,'1314433',1435,,102,4,0,16 17 18,0
4019,'1314441',1635,,103,4,0,16 17 18,0
4019,'1314443',2035,,104,4,0,16 17 18,0
4019,'1314448',1235,,105,4,0,16 17 18,0
4019,'1314485',1835,,106,4,0,16 17 18,0
4019,'1314488',735,,107,4,0,16 17 18,0
4019,'1314493',1835,,108,4,0,16 17 18,0
4019,'1314500',1335,,109,4,0,16 17 18,0
4019,'1314509',1235,,110,4,0,16 17 18,0
4019,'1314512',1135,,111,4,0,16 17 18,0
4019,'1314542',2035,,112,4,0,16 17 18,0
4019,'1314587',1135,,113,4,0,16 17 18,0
4019,'1314590',1435,,114,4,0,16 17 18,0
4019,'1314597',735,,115,4,0,16 17 18,0
4019,'1314606',1135,,116,4,0,16 17 18,0
4019,'1314615',1535,,117,4,0,16 17 18,0
4019,'1314633',1235,,118,4,0,16 17 18,0
4019,'1314662',1035,,119,4,0,16 17 18,0
4019,'1314667',1335,,120,4,0,16 17 18,0
4019,'1314670',1935,,121,4,0,16 17 18,0
4019,'1314689',635,,122,4,0,16 17 18,0
4019,'1314699',1035,,123,4,0,16 17 18,0
4019,'1314709',1635,,124,4,0,16 17 18,0
