4019,'1314201',1535,,81,5,0,16 17 18,0
4019,'1314204',835,,82,5,0,16 17 18,0
4019,'1314230',1035,,83,5,0,16 17 18,0
4019,'1314236',935,,84,5,0,16 17 18,0
4019,'1314237',935,,85,5,0,16 17 18,0
4019,'1314242',1735,,86,5,0,16 17 18,0
4019,'1314249',1735,,87,5,0,16 17 18,0
4019,'1314250',1535,,88,5,0,16 17 18,0
4019,'1314255',1335,,89,5,0,16 17 18,0
4019,'1314268',1835,,90,5,0,16 17 18,0
4019,'1314269',835,,91,5,0,16 17 18,0
4019,'1314279',835,,92,5,0,16 17 18,0
4019,'1314283',735,,93,5,0,16 17 18,0
4019,'1314316',1735,,94,5,0,16 17 18,0
4019,'1314322',2035,,95,5,0,16 17 18,0
4019,'1314326',1435,,96,5,0,16 17 18,0
4019,'1314338',635,,97,5,0,16 17 18,0
4019,'1314340',1635,,98,5,0,16 17 18,0
4019,'1314345',1935,,99,5,0,16 17 18,0
4019,'1314353',935,,100,5,0,16 17 18,0
4019,'1314372',1935,,101,5,0,16 17 18,0
4019,'1314433',1435,,102,5,0,16 17 18,0
4019,'1314441',1635,,103,5,0,16 17 18,0
4019,'1314443',2035,,104,5,0,16 17 18,0
4019,'1314448',1235,,105,5,0,16 17 18,0
4019,'1314485',1835,,106,5,0,16 17 18,0
4019,'1314488',735,,107,5,0,16 17 18,0
4019,'1314493',1835,,108,5,0,16 17 18,0
4019,'1314500',1335,,109,5,0,16 17 18,0
4019,'1314509',1235,,110,5,0,16 17 18,0
4019,'1314512',1135,,111,5,0,16 17 18,0
4019,'1314542',2035,,112,5,0,16 17 18,0
4019,'1314587',1135,,113,5,0,16 17 18,0
4019,'1314590',1435,,114,5,0,16 17 18,0
4019,'1314597',735,,115,5,0,16 17 18,0
4019,'1314606',1135,,116,5,0,16 17 18,0
4019,'1314615',1535,,117,5,0,16 17 18,0
4019,'1314633',1235,,118,5,0,16 17 18,0
4019,'1314662',1035,,119,5,0,16 17 18,0
4019,'1314667',1335,,120,5,0,16 17 18,0
4019,'1314670',1935,,121,5,0,16 17 18,0
4019,'1314689',635,,122,5,0,16 17 18,0
4019,'1314699',1035,,123,5,0,16 17 18,0
4019,'1314709',1635,,124,5,0,16 17 18,0
