5029,'1373808',1729,,183,8,0,8 9 10 11,0
5029,'1373811',729,,184,8,0,8 9 10 11,0
5029,'1373814',529,,185,8,0,8 9 10 11,0
5029,'1373836',1129,,186,8,0,8 9 10 11,0
5029,'1373848',1529,,187,8,0,8 9 10 11,0
5029,'1373861',1429,,188,8,0,8 9 10 11,0
5029,'1373869',1329,,189,8,0,8 9 10 11,0
5029,'1373870',1629,,190,8,0,8 9 10 11,0
5029,'1373872',929,,191,8,0,8 9 10 11,0
5029,'1373879',829,,192,8,0,8 9 10 11,0
5029,'1373947',1229,,193,8,0,8 9 10 11,0
5029,'1373953',1029,,194,8,0,8 9 10 11,0
5029,'1379492',629,,195,8,0,8 9 10 11,0
