2029,'1314233',1323,,41,6,4,,0
2029,'1314234',1023,,42,6,4,,0
2029,'1314272',1223,,43,6,4,,0
2029,'1314302',1423,,44,6,4,,0
2029,'1314339',1623,,45,6,4,,0
2029,'1314350',1523,,46,6,4,,0
2029,'1314439',823,,47,6,4,,0
2029,'1314471',623,,48,6,4,,0
2029,'1314507',1723,,49,6,4,,0
2029,'1314531',1123,,50,6,4,,0
2029,'1314538',723,,51,6,4,,0
2029,'1314549',923,,52,6,4,,0
2029,'1314618',1923,,53,6,4,,0
2029,'1314637',1823,,54,6,4,,0
4019,'1314201',1530,,81,1,0,16 17 18,0
4019,'1314204',830,,82,1,0,16 17 18,0
4019,'1314230',1030,,83,1,0,16 17 18,0
4019,'1314236',930,,84,1,0,16 17 18,0
4019,'1314237',930,,85,1,0,16 17 18,0
4019,'1314242',1730,,86,1,0,16 17 18,0
4019,'1314249',1730,,87,1,0,16 17 18,0
4019,'1314250',1530,,88,1,0,16 17 18,0
4019,'1314255',1330,,89,1,0,16 17 18,0
4019,'1314268',1830,,90,1,0,16 17 18,0
4019,'1314269',830,,91,1,0,16 17 18,0
4019,'1314279',830,,92,1,0,16 17 18,0
4019,'1314283',730,,93,1,0,16 17 18,0
4019,'1314316',1730,,94,1,0,16 17 18,0
4019,'1314322',2030,,95,1,0,16 17 18,0
4019,'1314326',1430,,96,1,0,16 17 18,0
4019,'1314338',630,,97,1,0,16 17 18,0
4019,'1314340',1630,,98,1,0,16 17 18,0
4019,'1314345',1930,,99,1,0,16 17 18,0
4019,'1314353',930,,100,1,0,16 17 18,0
4019,'1314372',1930,,101,1,0,16 17 18,0
4019,'1314433',1430,,102,1,0,16 17 18,0
4019,'1314441',1630,,103,1,0,16 17 18,0
4019,'1314443',2030,,104,1,0,16 17 18,0
4019,'1314448',1230,,105,1,0,16 17 18,0
4019,'1314485',1830,,106,1,0,16 17 18,0
4019,'1314488',730,,107,1,0,16 17 18,0
4019,'1314493',1830,,108,1,0,16 17 18,0
4019,'1314500',1330,,109,1,0,16 17 18,0
4019,'1314509',1230,,110,1,0,16 17 18,0
4019,'1314512',1130,,111,1,0,16 17 18,0
4019,'1314542',2030,,112,1,0,16 17 18,0
4019,'1314587',1130,,113,1,0,16 17 18,0
4019,'1314590',1430,,114,1,0,16 17 18,0
4019,'1314597',730,,115,1,0,16 17 18,0
4019,'1314606',1130,,116,1,0,16 17 18,0
4019,'1314615',1530,,117,1,0,16 17 18,0
4019,'1314633',1230,,118,1,0,16 17 18,0
4019,'1314662',1030,,119,1,0,16 17 18,0
4019,'1314667',1330,,120,1,0,16 17 18,0
4019,'1314670',1930,,121,1,0,16 17 18,0
4019,'1314689',630,,122,1,0,16 17 18,0
4019,'1314699',1030,,123,1,0,16 17 18,0
4019,'1314709',1630,,124,1,0,16 17 18,0
4029,'1314218',1224,,125,22,4,,0
4029,'1314257',824,,126,22,4,,0
4029,'1314280',724,,127,22,4,,0
4029,'1314305',1624,,128,22,4,,0
4029,'1314317',624,,129,22,4,,0
4029,'1314347',924,,130,22,4,,0
4029,'1314352',1024,,131,22,4,,0
4029,'1314356',1728,,132,22,4,,0
4029,'1314371',1724,,133,22,4,,0
4029,'1314375',1524,,134,22,4,,0
4029,'1314397',824,,135,22,4,,0
4029,'1314401',1924,,136,22,4,,0
4029,'1314406',1924,,137,22,4,,0
4029,'1314426',1624,,138,22,4,,0
4029,'1314449',2024,,139,22,4,,0
4029,'1314455',1624,,140,22,4,,0
4029,'1314456',1524,,141,22,4,,0
4029,'1314457',724,,142,22,4,,0
4029,'1314467',1424,,143,22,4,,0
4029,'1314487',924,,144,22,4,,0
4029,'1314490',1224,,145,22,4,,0
4029,'1314494',2024,,146,22,4,,0
4029,'1314503',1824,,147,22,4,,0
4029,'1314506',2024,,148,22,4,,0
4029,'1314521',924,,149,22,4,,0
4029,'1314527',724,,150,22,4,,0
4029,'1314528',1424,,151,22,4,,0
4029,'1314529',624,,152,22,4,,0
4029,'1314548',1324,,153,22,4,,0
4029,'1314576',1724,,154,22,4,,0
4029,'1314579',1828,,155,22,4,,0
4029,'1314584',1224,,156,22,4,,0
4029,'1314598',1024,,157,22,4,,0
4029,'1314599',1124,,158,22,4,,0
4029,'1314610',1924,,159,22,4,,0
4029,'1314625',1424,,160,22,4,,0
4029,'1314632',1824,,161,22,4,,0
4029,'1314644',1324,,162,22,4,,0
4029,'1314647',1124,,163,22,4,,0
4029,'1314650',824,,164,22,4,,0
4029,'1314675',1024,,165,22,4,,0
4029,'1314695',1524,,166,22,4,,0
4029,'1314708',1124,,167,22,4,,0
4029,'1314716',1324,,168,22,4,,0
