4029,'1314218',1220,,125,19,0,12 13 14 15,0
4029,'1314257',820,,126,19,0,12 13 14 15,0
4029,'1314280',720,,127,19,0,12 13 14 15,0
4029,'1314305',1620,,128,19,0,12 13 14 15,0
4029,'1314317',620,,129,19,0,12 13 14 15,0
4029,'1314347',920,,130,19,0,12 13 14 15,0
4029,'1314352',1020,,131,19,0,12 13 14 15,0
4029,'1314356',1724,,132,19,0,12 13 16 24,0
4029,'1314371',1720,,133,19,0,12 13 14 15,0
4029,'1314375',1520,,134,19,0,12 13 14 15,0
4029,'1314397',820,,135,19,0,12 13 14 15,0
4029,'1314401',1920,,136,19,0,12 13 14 15,0
4029,'1314406',1920,,137,19,0,12 13 14 15,0
4029,'1314426',1620,,138,19,0,12 13 14 15,0
4029,'1314449',2020,,139,19,0,12 13 14 15,0
4029,'1314455',1620,,140,19,0,12 13 14 15,0
4029,'1314456',1520,,141,19,0,12 13 14 15,0
4029,'1314457',720,,142,19,0,12 13 14 15,0
4029,'1314467',1420,,143,19,0,12 13 14 15,0
4029,'1314487',920,,144,19,0,12 13 14 15,0
4029,'1314490',1220,,145,19,0,12 13 14 15,0
4029,'1314494',2020,,146,19,0,12 13 14 15,0
4029,'1314503',1820,,147,19,0,12 13 14 15,0
4029,'1314506',2020,,148,19,0,12 13 14 15,0
4029,'1314521',920,,149,19,0,12 13 14 15,0
4029,'1314527',720,,150,19,0,12 13 14 15,0
4029,'1314528',1420,,151,19,0,12 13 14 15,0
4029,'1314529',620,,152,19,0,12 13 14 15,0
4029,'1314548',1320,,153,19,0,12 13 14 15,0
4029,'1314576',1720,,154,19,0,12 13 14 15,0
4029,'1314579',1824,,155,19,0,12 13 16 24,0
4029,'1314584',1220,,156,19,0,12 13 14 15,0
4029,'1314598',1020,,157,19,0,12 13 14 15,0
4029,'1314599',1120,,158,19,0,12 13 14 15,0
4029,'1314610',1920,,159,19,0,12 13 14 15,0
4029,'1314625',1420,,160,19,0,12 13 14 15,0
4029,'1314632',1820,,161,19,0,12 13 14 15,0
4029,'1314644',1320,,162,19,0,12 13 14 15,0
4029,'1314647',1120,,163,19,0,12 13 14 15,0
4029,'1314650',820,,164,19,0,12 13 14 15,0
4029,'1314675',1020,,165,19,0,12 13 14 15,0
4029,'1314695',1520,,166,19,0,12 13 14 15,0
4029,'1314708',1120,,167,19,0,12 13 14 15,0
4029,'1314716',1320,,168,19,0,12 13 14 15,0
