3019,'1489629',634,8,55,7,,,0
3019,'1489630',734,8,56,7,,,0
3019,'1489631',834,8,57,7,,,0
3019,'1489632',934,8,58,7,,,0
3019,'1489633',1034,8,59,7,,,0
3019,'1489634',1134,8,60,7,,,0
3019,'1489635',1234,8,61,7,,,0
3019,'1489636',1334,8,62,7,,,0
3019,'1489637',1434,8,63,7,,,0
3019,'1489638',1534,8,64,7,,,0
3019,'1489639',1634,8,65,7,,,0
3019,'1489640',1734,8,66,7,,,0
3019,'1489641',1834,8,67,7,,,0
3029,'1489642',623,,68,4,,,0
3029,'1489643',723,,69,4,,,0
3029,'1489644',823,,70,4,,,0
3029,'1489645',923,,71,4,,,0
3029,'1489646',1023,,72,4,,,0
3029,'1489647',1123,,73,4,,,0
3029,'1489648',1223,,74,4,,,0
3029,'1489649',1323,,75,4,,,0
3029,'1489650',1423,,76,4,,,0
3029,'1489651',1523,,77,4,,,0
3029,'1489652',1623,,78,4,,,0
3029,'1489653',1723,,79,4,,,0
3029,'1489654',1823,,80,4,,,0
