1019,'1314193',1145,,1,1,,,0
1019,'1314196',1245,,2,1,,,0
1019,'1314228',745,,3,1,,,0
1019,'1314323',845,,4,1,,,0
1019,'1314341',945,,5,1,,,0
1019,'1314343',1645,,6,1,,,0
1019,'1314358',1445,,7,1,,,0
1019,'1314400',1745,,8,1,,,0
1019,'1314535',1345,,9,1,,,0
1019,'1314575',1545,,10,1,,,0
1019,'1314656',1045,,11,1,,,0
1019,'1492501',551,,12,2,,,0
1019,'1492502',651,,13,2,,,0
1029,'1314220',1620,,14,10,4,,0
1029,'1314225',920,,15,10,4,,0
1029,'1314259',1120,,16,10,4,,0
1029,'1314304',1920,,17,10,4,,0
1029,'1314306',1020,,18,10,4,,0
1029,'1314315',1320,,19,10,4,,0
1029,'1314344',1720,,20,10,4,,0
1029,'1314362',1220,,21,10,4,,0
1029,'1314373',720,,22,10,4,,0
1029,'1314398',1820,,23,10,4,,0
1029,'1314557',820,,24,10,4,,0
1029,'1314578',1520,,25,10,4,,0
1029,'1314692',1420,,26,10,4,,0
