4029,'1314218',1222,,125,20,0,12 13 14 15,0
4029,'1314257',822,,126,20,0,12 13 14 15,0
4029,'1314280',722,,127,20,0,12 13 14 15,0
4029,'1314305',1622,,128,20,0,12 13 14 15,0
4029,'1314317',622,,129,20,0,12 13 14 15,0
4029,'1314347',922,,130,20,0,12 13 14 15,0
4029,'1314352',1022,,131,20,0,12 13 14 15,0
4029,'1314356',1726,,132,20,0,12 13 16 24,0
4029,'1314371',1722,,133,20,0,12 13 14 15,0
4029,'1314375',1522,,134,20,0,12 13 14 15,0
4029,'1314397',822,,135,20,0,12 13 14 15,0
4029,'1314401',1922,,136,20,0,12 13 14 15,0
4029,'1314406',1922,,137,20,0,12 13 14 15,0
4029,'1314426',1622,,138,20,0,12 13 14 15,0
4029,'1314449',2022,,139,20,0,12 13 14 15,0
4029,'1314455',1622,,140,20,0,12 13 14 15,0
4029,'1314456',1522,,141,20,0,12 13 14 15,0
4029,'1314457',722,,142,20,0,12 13 14 15,0
4029,'1314467',1422,,143,20,0,12 13 14 15,0
4029,'1314487',922,,144,20,0,12 13 14 15,0
4029,'1314490',1222,,145,20,0,12 13 14 15,0
4029,'1314494',2022,,146,20,0,12 13 14 15,0
4029,'1314503',1822,,147,20,0,12 13 14 15,0
4029,'1314506',2022,,148,20,0,12 13 14 15,0
4029,'1314521',922,,149,20,0,12 13 14 15,0
4029,'1314527',722,,150,20,0,12 13 14 15,0
4029,'1314528',1422,,151,20,0,12 13 14 15,0
4029,'1314529',622,,152,20,0,12 13 14 15,0
4029,'1314548',1322,,153,20,0,12 13 14 15,0
4029,'1314576',1722,,154,20,0,12 13 14 15,0
4029,'1314579',1826,,155,20,0,12 13 16 24,0
4029,'1314584',1222,,156,20,0,12 13 14 15,0
4029,'1314598',1022,,157,20,0,12 13 14 15,0
4029,'1314599',1122,,158,20,0,12 13 14 15,0
4029,'1314610',1922,,159,20,0,12 13 14 15,0
4029,'1314625',1422,,160,20,0,12 13 14 15,0
4029,'1314632',1822,,161,20,0,12 13 14 15,0
4029,'1314644',1322,,162,20,0,12 13 14 15,0
4029,'1314647',1122,,163,20,0,12 13 14 15,0
4029,'1314650',822,,164,20,0,12 13 14 15,0
4029,'1314675',1022,,165,20,0,12 13 14 15,0
4029,'1314695',1522,,166,20,0,12 13 14 15,0
4029,'1314708',1122,,167,20,0,12 13 14 15,0
4029,'1314716',1322,,168,20,0,12 13 14 15,0
