4019,'1314201',1538,,81,7,0,16 17 18,0
4019,'1314204',838,,82,7,0,16 17 18,0
4019,'1314230',1038,,83,7,0,16 17 18,0
4019,'1314236',938,,84,7,0,16 17 18,0
4019,'1314237',938,,85,7,0,16 17 18,0
4019,'1314242',1738,,86,7,0,16 17 18,0
4019,'1314249',1738,,87,7,0,16 17 18,0
4019,'1314250',1538,,88,7,0,16 17 18,0
4019,'1314255',1338,,89,7,0,16 17 18,0
4019,'1314268',1838,,90,7,0,16 17 18,0
4019,'1314269',838,,91,7,0,16 17 18,0
4019,'1314279',838,,92,7,0,16 17 18,0
4019,'1314283',738,,93,7,0,16 17 18,0
4019,'1314316',1738,,94,7,0,16 17 18,0
4019,'1314322',2038,,95,7,0,16 17 18,0
4019,'1314326',1438,,96,7,0,16 17 18,0
4019,'1314338',638,,97,7,0,16 17 18,0
4019,'1314340',1638,,98,7,0,16 17 18,0
4019,'1314345',1938,,99,7,0,16 17 18,0
4019,'1314353',938,,100,7,0,16 17 18,0
4019,'1314372',1938,,101,7,0,16 17 18,0
4019,'1314433',1438,,102,7,0,16 17 18,0
4019,'1314441',1638,,103,7,0,16 17 18,0
4019,'1314443',2038,,104,7,0,16 17 18,0
4019,'1314448',1238,,105,7,0,16 17 18,0
4019,'1314485',1838,,106,7,0,16 17 18,0
4019,'1314488',738,,107,7,0,16 17 18,0
4019,'1314493',1838,,108,7,0,16 17 18,0
4019,'1314500',1338,,109,7,0,16 17 18,0
4019,'1314509',1238,,110,7,0,16 17 18,0
4019,'1314512',1138,,111,7,0,16 17 18,0
4019,'1314542',2038,,112,7,0,16 17 18,0
4019,'1314587',1138,,113,7,0,16 17 18,0
4019,'1314590',1438,,114,7,0,16 17 18,0
4019,'1314597',738,,115,7,0,16 17 18,0
4019,'1314606',1138,,116,7,0,16 17 18,0
4019,'1314615',1538,,117,7,0,16 17 18,0
4019,'1314633',1238,,118,7,0,16 17 18,0
4019,'1314662',1038,,119,7,0,16 17 18,0
4019,'1314667',1338,,120,7,0,16 17 18,0
4019,'1314670',1938,,121,7,0,16 17 18,0
4019,'1314689',638,,122,7,0,16 17 18,0
4019,'1314699',1038,,123,7,0,16 17 18,0
4019,'1314709',1638,,124,7,0,16 17 18,0
