4019,'1314201',1546,,81,14,0,16 17 18,0
4019,'1314204',846,,82,14,0,16 17 18,0
4019,'1314230',1046,,83,14,0,16 17 18,0
4019,'1314236',946,,84,14,0,16 17 18,0
4019,'1314237',946,,85,14,0,16 17 18,0
4019,'1314242',1746,,86,14,0,16 17 18,0
4019,'1314249',1746,,87,14,0,16 17 18,0
4019,'1314250',1546,,88,14,0,16 17 18,0
4019,'1314255',1346,,89,14,0,16 17 18,0
4019,'1314268',1846,,90,14,0,16 17 18,0
4019,'1314269',846,,91,14,0,16 17 18,0
4019,'1314279',846,,92,14,0,16 17 18,0
4019,'1314283',746,,93,14,0,16 17 18,0
4019,'1314316',1746,,94,14,0,16 17 18,0
4019,'1314322',2046,,95,14,0,16 17 18,0
4019,'1314326',1446,,96,14,0,16 17 18,0
4019,'1314338',646,,97,14,0,16 17 18,0
4019,'1314340',1646,,98,14,0,16 17 18,0
4019,'1314345',1946,,99,14,0,16 17 18,0
4019,'1314353',946,,100,14,0,16 17 18,0
4019,'1314372',1946,,101,14,0,16 17 18,0
4019,'1314433',1446,,102,14,0,16 17 18,0
4019,'1314441',1646,,103,14,0,16 17 18,0
4019,'1314443',2046,,104,14,0,16 17 18,0
4019,'1314448',1246,,105,14,0,16 17 18,0
4019,'1314485',1846,,106,14,0,16 17 18,0
4019,'1314488',746,,107,14,0,16 17 18,0
4019,'1314493',1846,,108,14,0,16 17 18,0
4019,'1314500',1346,,109,14,0,16 17 18,0
4019,'1314509',1246,,110,14,0,16 17 18,0
4019,'1314512',1146,,111,14,0,16 17 18,0
4019,'1314542',2046,,112,14,0,16 17 18,0
4019,'1314587',1146,,113,14,0,16 17 18,0
4019,'1314590',1446,,114,14,0,16 17 18,0
4019,'1314597',746,,115,14,0,16 17 18,0
4019,'1314606',1146,,116,14,0,16 17 18,0
4019,'1314615',1546,,117,14,0,16 17 18,0
4019,'1314633',1246,,118,14,0,16 17 18,0
4019,'1314662',1046,,119,14,0,16 17 18,0
4019,'1314667',1346,,120,14,0,16 17 18,0
4019,'1314670',1946,,121,14,0,16 17 18,0
4019,'1314689',646,,122,14,0,16 17 18,0
4019,'1314699',1046,,123,14,0,16 17 18,0
4019,'1314709',1646,,124,14,0,16 17 18,0
