4019,'1314201',1547,,81,16,0,16 17 18,0
4019,'1314204',847,,82,16,0,16 17 18,0
4019,'1314230',1047,,83,16,0,16 17 18,0
4019,'1314236',947,,84,16,0,16 17 18,0
4019,'1314237',947,,85,16,0,16 17 18,0
4019,'1314242',1747,,86,16,0,16 17 18,0
4019,'1314249',1747,,87,16,0,16 17 18,0
4019,'1314250',1547,,88,16,0,16 17 18,0
4019,'1314255',1347,,89,16,0,16 17 18,0
4019,'1314268',1847,,90,16,0,16 17 18,0
4019,'1314269',847,,91,16,0,16 17 18,0
4019,'1314279',847,,92,16,0,16 17 18,0
4019,'1314283',747,,93,16,0,16 17 18,0
4019,'1314316',1747,,94,16,0,16 17 18,0
4019,'1314322',2047,,95,16,0,16 17 18,0
4019,'1314326',1447,,96,16,0,16 17 18,0
4019,'1314338',647,,97,16,0,16 17 18,0
4019,'1314340',1647,,98,16,0,16 17 18,0
4019,'1314345',1947,,99,16,0,16 17 18,0
4019,'1314353',947,,100,16,0,16 17 18,0
4019,'1314372',1947,,101,16,0,16 17 18,0
4019,'1314433',1447,,102,16,0,16 17 18,0
4019,'1314441',1647,,103,16,0,16 17 18,0
4019,'1314443',2047,,104,16,0,16 17 18,0
4019,'1314448',1247,,105,16,0,16 17 18,0
4019,'1314485',1847,,106,16,0,16 17 18,0
4019,'1314488',747,,107,16,0,16 17 18,0
4019,'1314493',1847,,108,16,0,16 17 18,0
4019,'1314500',1347,,109,16,0,16 17 18,0
4019,'1314509',1247,,110,16,0,16 17 18,0
4019,'1314512',1147,,111,16,0,16 17 18,0
4019,'1314542',2047,,112,16,0,16 17 18,0
4019,'1314587',1147,,113,16,0,16 17 18,0
4019,'1314590',1447,,114,16,0,16 17 18,0
4019,'1314597',747,,115,16,0,16 17 18,0
4019,'1314606',1147,,116,16,0,16 17 18,0
4019,'1314615',1547,,117,16,0,16 17 18,0
4019,'1314633',1247,,118,16,0,16 17 18,0
4019,'1314662',1047,,119,16,0,16 17 18,0
4019,'1314667',1347,,120,16,0,16 17 18,0
4019,'1314670',1947,,121,16,0,16 17 18,0
4019,'1314689',647,,122,16,0,16 17 18,0
4019,'1314699',1047,,123,16,0,16 17 18,0
4019,'1314709',1647,,124,16,0,16 17 18,0
