4019,'1314201',1541,,81,11,0,16 17 18,0
4019,'1314204',841,,82,11,0,16 17 18,0
4019,'1314230',1041,,83,11,0,16 17 18,0
4019,'1314236',941,,84,11,0,16 17 18,0
4019,'1314237',941,,85,11,0,16 17 18,0
4019,'1314242',1741,,86,11,0,16 17 18,0
4019,'1314249',1741,,87,11,0,16 17 18,0
4019,'1314250',1541,,88,11,0,16 17 18,0
4019,'1314255',1341,,89,11,0,16 17 18,0
4019,'1314268',1841,,90,11,0,16 17 18,0
4019,'1314269',841,,91,11,0,16 17 18,0
4019,'1314279',841,,92,11,0,16 17 18,0
4019,'1314283',741,,93,11,0,16 17 18,0
4019,'1314316',1741,,94,11,0,16 17 18,0
4019,'1314322',2041,,95,11,0,16 17 18,0
4019,'1314326',1441,,96,11,0,16 17 18,0
4019,'1314338',641,,97,11,0,16 17 18,0
4019,'1314340',1641,,98,11,0,16 17 18,0
4019,'1314345',1941,,99,11,0,16 17 18,0
4019,'1314353',941,,100,11,0,16 17 18,0
4019,'1314372',1941,,101,11,0,16 17 18,0
4019,'1314433',1441,,102,11,0,16 17 18,0
4019,'1314441',1641,,103,11,0,16 17 18,0
4019,'1314443',2041,,104,11,0,16 17 18,0
4019,'1314448',1241,,105,11,0,16 17 18,0
4019,'1314485',1841,,106,11,0,16 17 18,0
4019,'1314488',741,,107,11,0,16 17 18,0
4019,'1314493',1841,,108,11,0,16 17 18,0
4019,'1314500',1341,,109,11,0,16 17 18,0
4019,'1314509',1241,,110,11,0,16 17 18,0
4019,'1314512',1141,,111,11,0,16 17 18,0
4019,'1314542',2041,,112,11,0,16 17 18,0
4019,'1314587',1141,,113,11,0,16 17 18,0
4019,'1314590',1441,,114,11,0,16 17 18,0
4019,'1314597',741,,115,11,0,16 17 18,0
4019,'1314606',1141,,116,11,0,16 17 18,0
4019,'1314615',1541,,117,11,0,16 17 18,0
4019,'1314633',1241,,118,11,0,16 17 18,0
4019,'1314662',1041,,119,11,0,16 17 18,0
4019,'1314667',1341,,120,11,0,16 17 18,0
4019,'1314670',1941,,121,11,0,16 17 18,0
4019,'1314689',641,,122,11,0,16 17 18,0
4019,'1314699',1041,,123,11,0,16 17 18,0
4019,'1314709',1641,,124,11,0,16 17 18,0
