6019,'1314205',725,,196,5,0,20 21 22,0
6019,'1314209',1025,,197,5,0,20 21 22,0
6019,'1314232',1525,,198,5,0,20 21 22,0
6019,'1314288',1125,,199,5,0,20 21 22,0
6019,'1314314',825,,200,5,0,20 21 22,0
6019,'1314329',625,,201,5,0,20 21 22,0
6019,'1314480',1225,,202,5,0,20 21 22,0
6019,'1314483',925,,203,5,0,20 21 22,0
6019,'1314624',1725,,204,5,0,20 21 22,0
6019,'1314658',1825,,205,5,0,20 21 22,0
6019,'1314711',1325,,206,5,0,20 21 22,0
6019,'1314714',1625,,207,5,0,20 21 22,0
6019,'1340615',1425,,208,5,0,20 21 22,0
