5029,'1373808',1727,,183,6,0,8 9 10 11,0
5029,'1373811',727,,184,6,0,8 9 10 11,0
5029,'1373814',527,,185,6,0,8 9 10 11,0
5029,'1373836',1127,,186,6,0,8 9 10 11,0
5029,'1373848',1527,,187,6,0,8 9 10 11,0
5029,'1373861',1427,,188,6,0,8 9 10 11,0
5029,'1373869',1327,,189,6,0,8 9 10 11,0
5029,'1373870',1627,,190,6,0,8 9 10 11,0
5029,'1373872',927,,191,6,0,8 9 10 11,0
5029,'1373879',827,,192,6,0,8 9 10 11,0
5029,'1373947',1227,,193,6,0,8 9 10 11,0
5029,'1373953',1027,,194,6,0,8 9 10 11,0
5029,'1379492',627,,195,6,0,8 9 10 11,0
