6019,'1314205',702,,196,2,0,20 21 22,0
6019,'1314209',1002,,197,2,0,20 21 22,0
6019,'1314232',1502,,198,2,0,20 21 22,0
6019,'1314288',1102,,199,2,0,20 21 22,0
6019,'1314314',802,,200,2,0,20 21 22,0
6019,'1314329',602,,201,2,0,20 21 22,0
6019,'1314480',1202,,202,2,0,20 21 22,0
6019,'1314483',902,,203,2,0,20 21 22,0
6019,'1314624',1702,,204,2,0,20 21 22,0
6019,'1314658',1802,,205,2,0,20 21 22,0
6019,'1314711',1302,,206,2,0,20 21 22,0
6019,'1314714',1602,,207,2,0,20 21 22,0
6019,'1340615',1402,,208,2,0,20 21 22,0
