4029,'1314218',1207,,125,8,0,12 13 14 15,0
4029,'1314257',807,,126,8,0,12 13 14 15,0
4029,'1314280',707,,127,8,0,12 13 14 15,0
4029,'1314305',1607,,128,8,0,12 13 14 15,0
4029,'1314317',607,,129,8,0,12 13 14 15,0
4029,'1314347',907,,130,8,0,12 13 14 15,0
4029,'1314352',1007,,131,8,0,12 13 14 15,0
4029,'1314356',1711,,132,8,0,12 13 16 24,0
4029,'1314371',1707,,133,8,0,12 13 14 15,0
4029,'1314375',1507,,134,8,0,12 13 14 15,0
4029,'1314397',807,,135,8,0,12 13 14 15,0
4029,'1314401',1907,,136,8,0,12 13 14 15,0
4029,'1314406',1907,,137,8,0,12 13 14 15,0
4029,'1314426',1607,,138,8,0,12 13 14 15,0
4029,'1314449',2007,,139,8,0,12 13 14 15,0
4029,'1314455',1607,,140,8,0,12 13 14 15,0
4029,'1314456',1507,,141,8,0,12 13 14 15,0
4029,'1314457',707,,142,8,0,12 13 14 15,0
4029,'1314467',1407,,143,8,0,12 13 14 15,0
4029,'1314487',907,,144,8,0,12 13 14 15,0
4029,'1314490',1207,,145,8,0,12 13 14 15,0
4029,'1314494',2007,,146,8,0,12 13 14 15,0
4029,'1314503',1807,,147,8,0,12 13 14 15,0
4029,'1314506',2007,,148,8,0,12 13 14 15,0
4029,'1314521',907,,149,8,0,12 13 14 15,0
4029,'1314527',707,,150,8,0,12 13 14 15,0
4029,'1314528',1407,,151,8,0,12 13 14 15,0
4029,'1314529',607,,152,8,0,12 13 14 15,0
4029,'1314548',1307,,153,8,0,12 13 14 15,0
4029,'1314576',1707,,154,8,0,12 13 14 15,0
4029,'1314579',1811,,155,8,0,12 13 16 24,0
4029,'1314584',1207,,156,8,0,12 13 14 15,0
4029,'1314598',1007,,157,8,0,12 13 14 15,0
4029,'1314599',1107,,158,8,0,12 13 14 15,0
4029,'1314610',1907,,159,8,0,12 13 14 15,0
4029,'1314625',1407,,160,8,0,12 13 14 15,0
4029,'1314632',1807,,161,8,0,12 13 14 15,0
4029,'1314644',1307,,162,8,0,12 13 14 15,0
4029,'1314647',1107,,163,8,0,12 13 14 15,0
4029,'1314650',807,,164,8,0,12 13 14 15,0
4029,'1314675',1007,,165,8,0,12 13 14 15,0
4029,'1314695',1507,,166,8,0,12 13 14 15,0
4029,'1314708',1107,,167,8,0,12 13 14 15,0
4029,'1314716',1307,,168,8,0,12 13 14 15,0
