4019,'1314201',1551,,81,19,0,16 17 18,0
4019,'1314204',851,,82,19,0,16 17 18,0
4019,'1314230',1051,,83,19,0,16 17 18,0
4019,'1314236',951,,84,19,0,16 17 18,0
4019,'1314237',951,,85,19,0,16 17 18,0
4019,'1314242',1751,,86,19,0,16 17 18,0
4019,'1314249',1751,,87,19,0,16 17 18,0
4019,'1314250',1551,,88,19,0,16 17 18,0
4019,'1314255',1351,,89,19,0,16 17 18,0
4019,'1314268',1851,,90,19,0,16 17 18,0
4019,'1314269',851,,91,19,0,16 17 18,0
4019,'1314279',851,,92,19,0,16 17 18,0
4019,'1314283',751,,93,19,0,16 17 18,0
4019,'1314316',1751,,94,19,0,16 17 18,0
4019,'1314322',2051,,95,19,0,16 17 18,0
4019,'1314326',1451,,96,19,0,16 17 18,0
4019,'1314338',651,,97,19,0,16 17 18,0
4019,'1314340',1651,,98,19,0,16 17 18,0
4019,'1314345',1951,,99,19,0,16 17 18,0
4019,'1314353',951,,100,19,0,16 17 18,0
4019,'1314372',1951,,101,19,0,16 17 18,0
4019,'1314433',1451,,102,19,0,16 17 18,0
4019,'1314441',1651,,103,19,0,16 17 18,0
4019,'1314443',2051,,104,19,0,16 17 18,0
4019,'1314448',1251,,105,19,0,16 17 18,0
4019,'1314485',1851,,106,19,0,16 17 18,0
4019,'1314488',751,,107,19,0,16 17 18,0
4019,'1314493',1851,,108,19,0,16 17 18,0
4019,'1314500',1351,,109,19,0,16 17 18,0
4019,'1314509',1251,,110,19,0,16 17 18,0
4019,'1314512',1151,,111,19,0,16 17 18,0
4019,'1314542',2051,,112,19,0,16 17 18,0
4019,'1314587',1151,,113,19,0,16 17 18,0
4019,'1314590',1451,,114,19,0,16 17 18,0
4019,'1314597',751,,115,19,0,16 17 18,0
4019,'1314606',1151,,116,19,0,16 17 18,0
4019,'1314615',1551,,117,19,0,16 17 18,0
4019,'1314633',1251,,118,19,0,16 17 18,0
4019,'1314662',1051,,119,19,0,16 17 18,0
4019,'1314667',1351,,120,19,0,16 17 18,0
4019,'1314670',1951,,121,19,0,16 17 18,0
4019,'1314689',651,,122,19,0,16 17 18,0
4019,'1314699',1051,,123,19,0,16 17 18,0
4019,'1314709',1651,,124,19,0,16 17 18,0
