4019,'1314201',1553,,81,22,0,16 17 18,0
4019,'1314204',853,,82,22,0,16 17 18,0
4019,'1314230',1053,,83,22,0,16 17 18,0
4019,'1314236',953,,84,22,0,16 17 18,0
4019,'1314237',953,,85,22,0,16 17 18,0
4019,'1314242',1753,,86,22,0,16 17 18,0
4019,'1314249',1753,,87,22,0,16 17 18,0
4019,'1314250',1553,,88,22,0,16 17 18,0
4019,'1314255',1353,,89,22,0,16 17 18,0
4019,'1314268',1853,,90,22,0,16 17 18,0
4019,'1314269',853,,91,22,0,16 17 18,0
4019,'1314279',853,,92,22,0,16 17 18,0
4019,'1314283',753,,93,22,0,16 17 18,0
4019,'1314316',1753,,94,22,0,16 17 18,0
4019,'1314322',2053,,95,22,0,16 17 18,0
4019,'1314326',1453,,96,22,0,16 17 18,0
4019,'1314338',653,,97,22,0,16 17 18,0
4019,'1314340',1653,,98,22,0,16 17 18,0
4019,'1314345',1953,,99,22,0,16 17 18,0
4019,'1314353',953,,100,22,0,16 17 18,0
4019,'1314372',1953,,101,22,0,16 17 18,0
4019,'1314433',1453,,102,22,0,16 17 18,0
4019,'1314441',1653,,103,22,0,16 17 18,0
4019,'1314443',2053,,104,22,0,16 17 18,0
4019,'1314448',1253,,105,22,0,16 17 18,0
4019,'1314485',1853,,106,22,0,16 17 18,0
4019,'1314488',753,,107,22,0,16 17 18,0
4019,'1314493',1853,,108,22,0,16 17 18,0
4019,'1314500',1353,,109,22,0,16 17 18,0
4019,'1314509',1253,,110,22,0,16 17 18,0
4019,'1314512',1153,,111,22,0,16 17 18,0
4019,'1314542',2053,,112,22,0,16 17 18,0
4019,'1314587',1153,,113,22,0,16 17 18,0
4019,'1314590',1453,,114,22,0,16 17 18,0
4019,'1314597',753,,115,22,0,16 17 18,0
4019,'1314606',1153,,116,22,0,16 17 18,0
4019,'1314615',1553,,117,22,0,16 17 18,0
4019,'1314633',1253,,118,22,0,16 17 18,0
4019,'1314662',1053,,119,22,0,16 17 18,0
4019,'1314667',1353,,120,22,0,16 17 18,0
4019,'1314670',1953,,121,22,0,16 17 18,0
4019,'1314689',653,,122,22,0,16 17 18,0
4019,'1314699',1053,,123,22,0,16 17 18,0
4019,'1314709',1653,,124,22,0,16 17 18,0
