4019,'1314201',1550,,81,18,0,16 17 18,0
4019,'1314204',850,,82,18,0,16 17 18,0
4019,'1314230',1050,,83,18,0,16 17 18,0
4019,'1314236',950,,84,18,0,16 17 18,0
4019,'1314237',950,,85,18,0,16 17 18,0
4019,'1314242',1750,,86,18,0,16 17 18,0
4019,'1314249',1750,,87,18,0,16 17 18,0
4019,'1314250',1550,,88,18,0,16 17 18,0
4019,'1314255',1350,,89,18,0,16 17 18,0
4019,'1314268',1850,,90,18,0,16 17 18,0
4019,'1314269',850,,91,18,0,16 17 18,0
4019,'1314279',850,,92,18,0,16 17 18,0
4019,'1314283',750,,93,18,0,16 17 18,0
4019,'1314316',1750,,94,18,0,16 17 18,0
4019,'1314322',2050,,95,18,0,16 17 18,0
4019,'1314326',1450,,96,18,0,16 17 18,0
4019,'1314338',650,,97,18,0,16 17 18,0
4019,'1314340',1650,,98,18,0,16 17 18,0
4019,'1314345',1950,,99,18,0,16 17 18,0
4019,'1314353',950,,100,18,0,16 17 18,0
4019,'1314372',1950,,101,18,0,16 17 18,0
4019,'1314433',1450,,102,18,0,16 17 18,0
4019,'1314441',1650,,103,18,0,16 17 18,0
4019,'1314443',2050,,104,18,0,16 17 18,0
4019,'1314448',1250,,105,18,0,16 17 18,0
4019,'1314485',1850,,106,18,0,16 17 18,0
4019,'1314488',750,,107,18,0,16 17 18,0
4019,'1314493',1850,,108,18,0,16 17 18,0
4019,'1314500',1350,,109,18,0,16 17 18,0
4019,'1314509',1250,,110,18,0,16 17 18,0
4019,'1314512',1150,,111,18,0,16 17 18,0
4019,'1314542',2050,,112,18,0,16 17 18,0
4019,'1314587',1150,,113,18,0,16 17 18,0
4019,'1314590',1450,,114,18,0,16 17 18,0
4019,'1314597',750,,115,18,0,16 17 18,0
4019,'1314606',1150,,116,18,0,16 17 18,0
4019,'1314615',1550,,117,18,0,16 17 18,0
4019,'1314633',1250,,118,18,0,16 17 18,0
4019,'1314662',1050,,119,18,0,16 17 18,0
4019,'1314667',1350,,120,18,0,16 17 18,0
4019,'1314670',1950,,121,18,0,16 17 18,0
4019,'1314689',650,,122,18,0,16 17 18,0
4019,'1314699',1050,,123,18,0,16 17 18,0
4019,'1314709',1650,,124,18,0,16 17 18,0
