4029,'1314218',1201,,125,2,0,12 13 14 15,0
4029,'1314257',801,,126,2,0,12 13 14 15,0
4029,'1314280',701,,127,2,0,12 13 14 15,0
4029,'1314305',1601,,128,2,0,12 13 14 15,0
4029,'1314317',601,,129,2,0,12 13 14 15,0
4029,'1314347',901,,130,2,0,12 13 14 15,0
4029,'1314352',1001,,131,2,0,12 13 14 15,0
4029,'1314356',1701,,132,2,0,12 13 16 24,0
4029,'1314371',1701,,133,2,0,12 13 14 15,0
4029,'1314375',1501,,134,2,0,12 13 14 15,0
4029,'1314397',801,,135,2,0,12 13 14 15,0
4029,'1314401',1901,,136,2,0,12 13 14 15,0
4029,'1314406',1901,,137,2,0,12 13 14 15,0
4029,'1314426',1601,,138,2,0,12 13 14 15,0
4029,'1314449',2001,,139,2,0,12 13 14 15,0
4029,'1314455',1601,,140,2,0,12 13 14 15,0
4029,'1314456',1501,,141,2,0,12 13 14 15,0
4029,'1314457',701,,142,2,0,12 13 14 15,0
4029,'1314467',1401,,143,2,0,12 13 14 15,0
4029,'1314487',901,,144,2,0,12 13 14 15,0
4029,'1314490',1201,,145,2,0,12 13 14 15,0
4029,'1314494',2001,,146,2,0,12 13 14 15,0
4029,'1314503',1801,,147,2,0,12 13 14 15,0
4029,'1314506',2001,,148,2,0,12 13 14 15,0
4029,'1314521',901,,149,2,0,12 13 14 15,0
4029,'1314527',701,,150,2,0,12 13 14 15,0
4029,'1314528',1401,,151,2,0,12 13 14 15,0
4029,'1314529',601,,152,2,0,12 13 14 15,0
4029,'1314548',1301,,153,2,0,12 13 14 15,0
4029,'1314576',1701,,154,2,0,12 13 14 15,0
4029,'1314579',1801,,155,2,0,12 13 16 24,0
4029,'1314584',1201,,156,2,0,12 13 14 15,0
4029,'1314598',1001,,157,2,0,12 13 14 15,0
4029,'1314599',1101,,158,2,0,12 13 14 15,0
4029,'1314610',1901,,159,2,0,12 13 14 15,0
4029,'1314625',1401,,160,2,0,12 13 14 15,0
4029,'1314632',1801,,161,2,0,12 13 14 15,0
4029,'1314644',1301,,162,2,0,12 13 14 15,0
4029,'1314647',1101,,163,2,0,12 13 14 15,0
4029,'1314650',801,,164,2,0,12 13 14 15,0
4029,'1314675',1001,,165,2,0,12 13 14 15,0
4029,'1314695',1501,,166,2,0,12 13 14 15,0
4029,'1314708',1101,,167,2,0,12 13 14 15,0
4029,'1314716',1301,,168,2,0,12 13 14 15,0
