5029,'1373808',1738,,183,10,0,8 9 10 11,0
5029,'1373811',738,,184,10,0,8 9 10 11,0
5029,'1373814',538,,185,10,0,8 9 10 11,0
5029,'1373836',1138,,186,10,0,8 9 10 11,0
5029,'1373848',1538,,187,10,0,8 9 10 11,0
5029,'1373861',1438,,188,10,0,8 9 10 11,0
5029,'1373869',1338,,189,10,0,8 9 10 11,0
5029,'1373870',1638,,190,10,0,8 9 10 11,0
5029,'1373872',938,,191,10,0,8 9 10 11,0
5029,'1373879',838,,192,10,0,8 9 10 11,0
5029,'1373947',1238,,193,10,0,8 9 10 11,0
5029,'1373953',1038,,194,10,0,8 9 10 11,0
5029,'1379492',638,,195,10,0,8 9 10 11,0
